Acidez	Volatilidad	Citricidad	Azucar	Densidad	pH	Alcohol	Cloruros	Sulfatos	Calidad
7.4	0.7	0.0	1.9	0.9978	3.51	9.4	0.076	0.56	5
7.8	0.88	0.0	2.6	0.9968	3.2	9.8	0.098	0.68	5
7.8	0.76	0.04	2.3	0.997	3.26	9.8	0.092	0.65	5
11.2	0.28	0.56	1.9	0.998	3.16	9.8	0.075	0.58	6
7.4	0.7	0.0	1.9	0.9978	3.51	9.4	0.076	0.56	5
7.4	0.66	0.0	1.8	0.9978	3.51	9.4	0.075	0.56	5
7.9	0.6	0.06	1.6	0.9964	3.3	9.4	0.069	0.46	5
7.3	0.65	0.0	1.2	0.9946	3.39	10.0	0.065	0.47	7
7.8	0.58	0.02	2.0	0.9968	3.36	9.5	0.073	0.57	7
7.5	0.5	0.36	6.1	0.9978	3.35	10.5	0.071	0.8	5
6.7	0.58	0.08	1.8	0.9959	3.28	9.2	0.09699	0.54	5
7.5	0.5	0.36	6.1	0.9978	3.35	10.5	0.071	0.8	5
5.6	0.615	0.0	1.6	0.9943	3.58	9.9	0.0890	0.52	5
7.8	0.61	0.29	1.6	0.9974	3.26	9.1	0.114	1.56	5
8.9	0.62	0.18	3.8	0.9986	3.16	9.2	0.17600	0.88	5
8.9	0.62	0.19	3.9	0.9986	3.17	9.2	0.17	0.93	5
8.5	0.28	0.56	1.8	0.9969	3.3	10.5	0.092	0.75	7
8.1	0.56	0.28	1.7	0.9968	3.11	9.3	0.368	1.28	5
7.4	0.59	0.08	4.4	0.9974	3.38	9.0	0.086	0.5	4
7.9	0.32	0.51	1.8	0.9969	3.04	9.2	0.341	1.08	6
8.9	0.22	0.48	1.8	0.9968	3.39	9.4	0.077	0.53	6
7.6	0.39	0.31	2.3	0.9982	3.52	9.7	0.08199	0.65	5
7.9	0.43	0.21	1.6	0.9966	3.17	9.5	0.106	0.91	5
8.5	0.49	0.11	2.3	0.9968	3.17	9.4	0.084	0.53	5
6.9	0.4	0.14	2.4	0.9968	3.43	9.7	0.085	0.63	6
6.3	0.39	0.16	1.4	0.9955	3.34	9.3	0.08	0.56	5
7.6	0.41	0.24	1.8	0.9962	3.28	9.5	0.08	0.59	5
7.9	0.43	0.21	1.6	0.9966	3.17	9.5	0.106	0.91	5
7.1	0.71	0.0	1.9	0.9972	3.47	9.4	0.08	0.55	5
7.8	0.645	0.0	2.0	0.9964	3.38	9.8	0.08199999999999999	0.59	6
6.7	0.675	0.07	2.4	0.9958	3.35	10.1	0.08900000000000001	0.54	5
6.9	0.685	0.0	2.5	0.9966	3.46	10.6	0.105	0.57	6
8.3	0.655	0.12	2.3	0.9966	3.17	9.8	0.083	0.66	5
6.9	0.605	0.12	10.7	0.9993	3.45	9.4	0.073	0.52	6
5.2	0.32	0.25	1.8	0.9957	3.38	9.2	0.10300000000000001	0.55	5
7.8	0.645	0.0	5.5	0.9986	3.4	9.6	0.086	0.55	6
7.8	0.6	0.14	2.4	0.9975	3.42	10.8	0.086	0.6	6
8.1	0.38	0.28	2.1	0.9968	3.23	9.7	0.066	0.73	7
5.7	1.13	0.09	1.5	0.9940000000000001	3.5	9.8	0.172	0.48	4
7.3	0.45	0.36	5.9	0.9978	3.33	10.5	0.07400000000000001	0.83	5
7.3	0.45	0.36	5.9	0.9978	3.33	10.5	0.07400000000000001	0.83	5
8.8	0.61	0.3	2.8	0.9976	3.26	9.3	0.08800000000000001	0.51	4
7.5	0.49	0.2	2.6	0.9968	3.21	10.5	0.332	0.9	6
8.1	0.66	0.22	2.2	0.9968	3.3	10.3	0.069	1.2	5
6.8	0.67	0.02	1.8	0.9962	3.48	9.5	0.05	0.52	5
4.6	0.52	0.15	2.1	0.9934	3.9	13.1	0.054000000000000006	0.56	4
7.7	0.935	0.43	2.2	0.997	3.25	9.2	0.114	0.73	5
8.7	0.29	0.52	1.6	0.9969	3.25	9.5	0.113	0.58	5
6.4	0.4	0.23	1.6	0.9958	3.34	9.2	0.066	0.56	5
5.6	0.31	0.37	1.4	0.9954	3.32	9.2	0.07400000000000001	0.58	5
8.8	0.66	0.26	1.7	0.9971	3.15	9.2	0.07400000000000001	0.74	5
6.6	0.52	0.04	2.2	0.9956	3.4	9.4	0.069	0.63	6
6.6	0.5	0.04	2.1	0.9955	3.39	9.4	0.068	0.64	6
8.6	0.38	0.36	3.0	0.997	3.2	9.4	0.081	0.56	5
7.6	0.51	0.15	2.8	0.9955	3.17	10.2	0.11	0.63	6
7.7	0.62	0.04	3.8	0.9978	3.34	9.5	0.084	0.53	5
10.2	0.42	0.57	3.4	0.9971	3.04	9.6	0.07	0.63	5
7.5	0.63	0.12	5.1	0.9983	3.26	9.4	0.111	0.77	5
7.8	0.59	0.18	2.3	0.9975	3.43	10.0	0.076	0.59	5
7.3	0.39	0.31	2.4	0.9962	3.41	9.4	0.07400000000000001	0.54	6
8.8	0.4	0.4	2.2	0.998	3.44	9.2	0.079	0.64	5
7.7	0.69	0.49	1.8	0.9968	3.21	9.3	0.115	0.71	5
7.5	0.52	0.16	1.9	0.9968	3.38	9.5	0.085	0.62	7
7.0	0.735	0.05	2.0	0.9966	3.39	9.8	0.081	0.57	5
7.2	0.725	0.05	4.65	0.9962	3.41	10.9	0.086	0.39	5
7.2	0.725	0.05	4.65	0.9962	3.41	10.9	0.086	0.39	5
7.5	0.52	0.11	1.5	0.9968	3.42	9.6	0.079	0.58	5
6.6	0.705	0.07	1.6	0.9962	3.44	10.7	0.076	0.58	5
9.3	0.32	0.57	2.0	0.9969	3.28	10.7	0.07400000000000001	0.79	5
8.0	0.705	0.05	1.9	0.9962	3.34	10.5	0.07400000000000001	0.95	6
7.7	0.63	0.08	1.9	0.9967	3.32	9.5	0.076	0.54	6
7.7	0.67	0.23	2.1	0.9962	3.32	9.5	0.08800000000000001	0.48	5
7.7	0.69	0.22	1.9	0.9961	3.31	9.5	0.084	0.48	5
8.3	0.675	0.26	2.1	0.9976	3.31	9.2	0.084	0.53	4
9.7	0.32	0.54	2.5	0.9984	3.28	9.6	0.094	0.82	5
8.8	0.41	0.64	2.2	0.9986	3.54	10.5	0.09300000000000001	0.66	5
8.8	0.41	0.64	2.2	0.9986	3.54	10.5	0.09300000000000001	0.66	5
6.8	0.785	0.0	2.4	0.9966	3.52	10.7	0.10400000000000001	0.55	6
6.7	0.75	0.12	2.0	0.9958	3.38	10.1	0.086	0.52	5
8.3	0.625	0.2	1.5	0.9972	3.16	9.1	0.08	1.12	4
6.2	0.45	0.2	1.6	0.9958	3.41	9.2	0.069	0.56	5
7.8	0.43	0.7	1.9	0.9974	3.13	9.4	0.46399999999999997	1.28	5
7.4	0.5	0.47	2.0	0.997	3.36	9.1	0.086	0.57	5
7.3	0.67	0.26	1.8	0.9969	3.16	9.4	0.401	1.14	5
6.3	0.3	0.48	1.8	0.9959	3.44	10.3	0.069	0.78	6
6.9	0.55	0.15	2.2	0.9961	3.41	10.1	0.076	0.59	5
8.6	0.49	0.28	1.9	0.9972	2.93	9.9	0.11	1.95	6
7.7	0.49	0.26	1.9	0.9966	3.39	9.6	0.062	0.64	5
9.3	0.39	0.44	2.1	0.9978	3.14	9.5	0.107	1.22	5
7.0	0.62	0.08	1.8	0.9978	3.48	9.0	0.076	0.53	5
7.9	0.52	0.26	1.9	0.9964	3.23	9.5	0.079	0.54	5
8.6	0.49	0.28	1.9	0.9972	2.93	9.9	0.11	1.95	6
8.6	0.49	0.29	2.0	0.9972	2.93	9.8	0.11	1.98	5
7.7	0.49	0.26	1.9	0.9966	3.39	9.6	0.062	0.64	5
5.0	1.02	0.04	1.4	0.9938	3.75	10.5	0.045	0.48	4
4.7	0.6	0.17	2.3	0.9932	3.85	12.9	0.057999999999999996	0.6	6
6.8	0.775	0.0	3.0	0.9965	3.45	10.7	0.102	0.56	5
7.0	0.5	0.25	2.0	0.9963	3.25	9.2	0.07	0.63	5
7.6	0.9	0.06	2.5	0.9967	3.39	9.8	0.079	0.56	5
8.1	0.545	0.18	1.9	0.9972	3.3	9.0	0.08	0.59	6
8.3	0.61	0.3	2.1	0.9972	3.4	10.2	0.084	0.61	6
7.8	0.5	0.3	1.9	0.9959	3.31	10.4	0.075	0.56	6
8.1	0.545	0.18	1.9	0.9972	3.3	9.0	0.08	0.59	6
8.1	0.575	0.22	2.1	0.9967	3.29	9.2	0.077	0.51	5
7.2	0.49	0.24	2.2	0.996	3.33	9.4	0.07	0.48	5
8.1	0.575	0.22	2.1	0.9967	3.29	9.2	0.077	0.51	5
7.8	0.41	0.68	1.7	0.9973	3.08	9.3	0.467	1.31	5
6.2	0.63	0.31	1.7	0.9969	3.46	9.3	0.08800000000000001	0.79	5
8.0	0.33	0.53	2.5	0.9976	3.37	9.6	0.091	0.8	6
8.1	0.785	0.52	2.0	0.9969	3.21	9.3	0.122	0.69	5
7.8	0.56	0.19	1.8	0.9964	3.19	9.5	0.10400000000000001	0.93	5
8.4	0.62	0.09	2.2	0.9964	3.15	9.8	0.084	0.66	5
8.4	0.6	0.1	2.2	0.9964	3.15	9.8	0.085	0.66	5
10.1	0.31	0.44	2.3	0.9988	3.32	9.7	0.08	0.67	6
7.8	0.56	0.19	1.8	0.9964	3.19	9.5	0.10400000000000001	0.93	5
9.4	0.4	0.31	2.2	0.9966	3.07	10.5	0.09	0.63	6
8.3	0.54	0.28	1.9	0.9978	3.39	10.0	0.077	0.61	6
7.8	0.56	0.12	2.0	0.997	3.37	9.4	0.08199999999999999	0.5	6
8.8	0.55	0.04	2.2	0.9962	3.21	10.9	0.11900000000000001	0.6	6
7.0	0.69	0.08	1.8	0.9959	3.34	9.2	0.09699999999999999	0.54	6
7.3	1.07	0.09	1.7	0.9962	3.3	9.0	0.17800000000000002	0.57	5
8.8	0.55	0.04	2.2	0.9962	3.21	10.9	0.11900000000000001	0.6	6
7.3	0.695	0.0	2.5	0.998	3.49	9.2	0.075	0.52	5
8.0	0.71	0.0	2.6	0.9976	3.44	9.5	0.08	0.53	5
7.8	0.5	0.17	1.6	0.996	3.39	9.5	0.08199999999999999	0.48	5
9.0	0.62	0.04	1.9	0.9984	3.16	9.4	0.146	0.7	5
8.2	1.33	0.0	1.7	0.9964	3.53	10.9	0.081	0.49	5
8.1	1.33	0.0	1.8	0.9964	3.54	10.9	0.08199999999999999	0.48	5
8.0	0.59	0.16	1.8	0.9962	3.42	10.5	0.065	0.92	7
6.1	0.38	0.15	1.8	0.9955	3.42	9.4	0.07200000000000001	0.57	5
8.0	0.745	0.56	2.0	0.9968	3.24	9.4	0.11800000000000001	0.66	5
5.6	0.5	0.09	2.3	0.9937	3.63	13.0	0.049	0.63	5
5.6	0.5	0.09	2.3	0.9937	3.63	13.0	0.049	0.63	5
6.6	0.5	0.01	1.5	0.9952	3.4	9.8	0.06	0.58	6
7.9	1.04	0.05	2.2	0.9959	3.22	9.9	0.084	0.55	6
8.4	0.745	0.11	1.9	0.9965	3.19	9.6	0.09	0.82	5
8.3	0.715	0.15	1.8	0.9968	3.23	9.5	0.08900000000000001	0.77	5
7.2	0.415	0.36	2.0	0.9972	3.48	9.2	0.081	0.64	5
7.8	0.56	0.19	2.1	0.9962	3.33	9.5	0.081	0.54	5
7.8	0.56	0.19	2.0	0.9962	3.32	9.5	0.081	0.54	5
8.4	0.745	0.11	1.9	0.9965	3.19	9.6	0.09	0.82	5
8.3	0.715	0.15	1.8	0.9968	3.23	9.5	0.08900000000000001	0.77	5
5.2	0.34	0.0	1.8	0.9916	3.68	14.0	0.05	0.79	6
6.3	0.39	0.08	1.7	0.9954	3.34	9.4	0.066	0.58	5
5.2	0.34	0.0	1.8	0.9916	3.68	14.0	0.05	0.79	6
8.1	0.67	0.55	1.8	0.9968	3.17	9.4	0.11699999999999999	0.62	5
5.8	0.68	0.02	1.8	0.9944	3.54	10.0	0.087	0.52	5
7.6	0.49	0.26	1.6	0.9968	3.11	9.3	0.23600000000000002	0.8	5
6.9	0.49	0.1	2.3	0.9959	3.42	10.2	0.07400000000000001	0.58	6
8.2	0.4	0.44	2.8	0.9975	3.53	10.5	0.08900000000000001	0.61	6
7.3	0.33	0.47	2.1	0.9958	3.33	10.3	0.077	0.53	6
9.2	0.52	1.0	3.4	0.9996	2.74	9.4	0.61	2.0	4
7.5	0.6	0.03	1.8	0.995	3.35	10.1	0.095	0.54	5
7.5	0.6	0.03	1.8	0.995	3.35	10.1	0.095	0.54	5
7.1	0.43	0.42	5.5	0.9973	3.42	10.5	0.07	0.72	5
7.1	0.43	0.42	5.5	0.9973	3.42	10.5	0.071	0.71	5
7.1	0.43	0.42	5.5	0.9973	3.42	10.5	0.07	0.72	5
7.1	0.43	0.42	5.5	0.9973	3.42	10.5	0.071	0.71	5
7.1	0.68	0.0	2.2	0.9969	3.48	9.3	0.073	0.5	5
6.8	0.6	0.18	1.9	0.9968	3.59	9.3	0.079	0.57	6
7.6	0.95	0.03	2.0	0.9959	3.2	9.6	0.09	0.56	5
7.6	0.68	0.02	1.3	0.9965	3.17	9.2	0.07200000000000001	1.08	4
7.8	0.53	0.04	1.7	0.9964	3.33	10.0	0.076	0.56	6
7.4	0.6	0.26	7.3	0.9982	3.37	9.4	0.07	0.49	5
7.3	0.59	0.26	7.2	0.9981	3.37	9.4	0.07	0.49	5
7.8	0.63	0.48	1.7	0.9961	3.19	9.5	0.1	0.62	5
6.8	0.64	0.1	2.1	0.9956	3.34	10.2	0.085	0.52	5
7.3	0.55	0.03	1.6	0.9956	3.37	9.0	0.07200000000000001	0.48	4
6.8	0.63	0.07	2.1	0.9953	3.47	10.4	0.08900000000000001	0.55	6
7.5	0.705	0.24	1.8	0.9964	3.0	9.5	0.36	1.59	5
7.9	0.885	0.03	1.8	0.9972	3.36	9.1	0.057999999999999996	0.33	4
8.0	0.42	0.17	2.0	0.9972	3.29	9.2	0.073	0.61	6
8.0	0.42	0.17	2.0	0.9972	3.29	9.2	0.073	0.61	6
7.4	0.62	0.05	1.9	0.9961	3.42	11.5	0.068	0.57	6
7.3	0.38	0.21	2.0	0.9961	3.33	9.5	0.08	0.47	5
6.9	0.5	0.04	1.5	0.9958	3.35	9.5	0.085	0.78	5
7.3	0.38	0.21	2.0	0.9961	3.33	9.5	0.08	0.47	5
7.5	0.52	0.42	2.3	0.9972	3.58	10.5	0.087	0.61	6
7.0	0.805	0.0	2.5	0.9969	3.48	9.6	0.068	0.56	5
8.8	0.61	0.14	2.4	0.9969	3.19	9.5	0.067	0.59	5
8.8	0.61	0.14	2.4	0.9969	3.19	9.5	0.067	0.59	5
8.9	0.61	0.49	2.0	0.9972	3.12	9.3	0.27	1.02	5
7.2	0.73	0.02	2.5	0.9972	3.44	9.3	0.076	0.52	5
6.8	0.61	0.2	1.8	0.9971	3.54	9.3	0.077	0.58	5
6.7	0.62	0.21	1.9	0.997	3.52	9.3	0.079	0.58	6
8.9	0.31	0.57	2.0	0.9971	3.26	9.7	0.111	0.53	5
7.4	0.39	0.48	2.0	0.9972	3.34	9.2	0.08199999999999999	0.55	5
7.7	0.705	0.1	2.6	0.9976	3.39	9.7	0.084	0.49	5
7.9	0.5	0.33	2.0	0.9968	3.2	9.5	0.084	0.55	5
7.9	0.49	0.32	1.9	0.9968	3.2	9.5	0.08199999999999999	0.55	5
8.2	0.5	0.35	2.9	0.9976	3.23	9.4	0.077	0.62	5
6.4	0.37	0.25	1.9	0.9974	3.57	9.8	0.07400000000000001	0.62	6
6.8	0.63	0.12	3.8	0.9969	3.28	9.5	0.099	0.61	5
7.6	0.55	0.21	2.2	0.9964	3.28	9.7	0.071	0.55	5
7.6	0.55	0.21	2.2	0.9964	3.28	9.7	0.071	0.55	5
7.8	0.59	0.33	2.0	0.9968	3.25	9.4	0.07400000000000001	0.54	5
7.3	0.58	0.3	2.4	0.9968	3.46	10.2	0.07400000000000001	0.59	5
11.5	0.3	0.6	2.0	0.9981	3.11	10.1	0.067	0.97	6
5.4	0.835	0.08	1.2	0.9924	3.57	13.0	0.046	0.85	7
6.9	1.09	0.06	2.1	0.9948	3.51	11.4	0.061	0.43	4
9.6	0.32	0.47	1.4	0.99695	3.22	10.3	0.055999999999999994	0.82	7
8.8	0.37	0.48	2.1	0.9975	3.04	9.3	0.09699999999999999	1.03	5
6.8	0.5	0.11	1.5	0.99545	3.36	9.5	0.075	0.79	5
7.0	0.42	0.35	1.6	0.9961	3.34	9.2	0.08800000000000001	0.55	5
7.0	0.43	0.36	1.6	0.99615	3.34	9.2	0.08900000000000001	0.56	6
12.8	0.3	0.74	2.6	0.9994	3.2	10.8	0.095	0.77	7
12.8	0.3	0.74	2.6	0.9994	3.2	10.8	0.095	0.77	7
7.8	0.57	0.31	1.8	0.99625	3.29	9.3	0.069	0.53	5
7.8	0.44	0.28	2.7	0.9966	3.22	9.4	0.1	0.67	5
11.0	0.3	0.58	2.1	0.998	3.31	10.5	0.054000000000000006	0.88	7
9.7	0.53	0.6	2.0	0.99585	3.3	12.4	0.039	0.86	6
8.0	0.725	0.24	2.8	0.99685	3.35	10.0	0.083	0.56	6
11.6	0.44	0.64	2.1	0.998	3.21	10.2	0.059000000000000004	0.67	6
8.2	0.57	0.26	2.2	0.9959	3.3	10.1	0.06	0.43	5
7.8	0.735	0.08	2.4	0.9974	3.24	9.8	0.092	0.71	6
7.0	0.49	0.49	5.6	0.9974	3.34	10.5	0.06	0.76	5
8.7	0.625	0.16	2.0	0.9962	3.14	11.0	0.10099999999999999	0.57	5
8.1	0.725	0.22	2.2	0.9967	3.36	9.1	0.07200000000000001	0.55	5
7.5	0.49	0.19	1.9	0.9957	3.39	9.7	0.076	0.54	5
7.8	0.53	0.33	2.4	0.99655	3.3	9.5	0.08	0.6	5
7.8	0.34	0.37	2.0	0.9964	3.34	9.4	0.08199999999999999	0.59	6
7.4	0.53	0.26	2.0	0.9957	3.15	9.4	0.10099999999999999	0.57	5
6.8	0.61	0.04	1.5	0.99525	3.42	9.5	0.057	0.6	5
8.6	0.645	0.25	2.0	0.99815	3.28	10.0	0.083	0.6	6
8.4	0.635	0.36	2.0	0.99745	3.31	10.4	0.08900000000000001	0.57	4
7.7	0.43	0.25	2.6	0.99615	3.37	10.5	0.073	0.58	6
8.9	0.59	0.5	2.0	0.9964	3.04	9.5	0.337	1.61	6
9.0	0.82	0.14	2.6	0.9984	3.39	9.8	0.08900000000000001	0.63	5
7.7	0.43	0.25	2.6	0.99615	3.37	10.5	0.073	0.58	6
6.9	0.52	0.25	2.6	0.99685	3.46	11.0	0.081	0.5	5
5.2	0.48	0.04	1.6	0.9927	3.54	12.2	0.054000000000000006	0.62	7
8.0	0.38	0.06	1.8	0.99625	3.37	9.9	0.078	0.52	6
8.5	0.37	0.2	2.8	0.998	3.34	9.6	0.09	0.7	6
6.9	0.52	0.25	2.6	0.99685	3.46	11.0	0.081	0.5	5
8.2	1.0	0.09	2.3	0.99685	3.32	9.0	0.065	0.55	6
7.2	0.63	0.0	1.9	0.99675	3.37	9.0	0.09699999999999999	0.58	6
7.2	0.63	0.0	1.9	0.99675	3.37	9.0	0.09699999999999999	0.58	6
7.2	0.645	0.0	1.9	0.99675	3.37	9.2	0.09699999999999999	0.58	6
7.2	0.63	0.0	1.9	0.99675	3.37	9.0	0.09699999999999999	0.58	6
8.2	1.0	0.09	2.3	0.99685	3.32	9.0	0.065	0.55	6
8.9	0.635	0.37	1.7	0.9971	3.0	9.3	0.263	1.09	5
12.0	0.38	0.56	2.1	0.99925	3.14	10.9	0.09300000000000001	0.71	6
7.7	0.58	0.1	1.8	0.99565	3.08	9.8	0.102	0.49	6
15.0	0.21	0.44	2.2	100.005	3.07	9.2	0.075	0.84	7
15.0	0.21	0.44	2.2	100.005	3.07	9.2	0.075	0.84	7
7.3	0.66	0.0	2.0	0.9983	3.61	9.9	0.084	0.96	6
7.1	0.68	0.07	1.9	0.99685	3.38	9.5	0.075	0.52	5
8.2	0.6	0.17	2.3	0.9963	3.2	9.3	0.07200000000000001	0.45	5
7.7	0.53	0.06	1.7	0.99615	3.35	9.8	0.07400000000000001	0.48	6
7.3	0.66	0.0	2.0	0.9983	3.61	9.9	0.084	0.96	6
10.8	0.32	0.44	1.6	0.9985	3.22	10.0	0.063	0.78	6
7.1	0.6	0.0	1.8	0.9972	3.47	9.9	0.07400000000000001	0.7	6
11.1	0.35	0.48	3.1	0.9986	3.17	10.5	0.09	0.53	5
7.7	0.775	0.42	1.9	0.9959	3.23	9.5	0.092	0.59	5
7.1	0.6	0.0	1.8	0.9972	3.47	9.9	0.07400000000000001	0.7	6
8.0	0.57	0.23	3.2	0.99675	3.26	9.3	0.073	0.57	5
9.4	0.34	0.37	2.2	0.998	3.22	9.2	0.075	0.62	5
6.6	0.695	0.0	2.1	0.9968	3.49	9.2	0.075	0.67	5
7.7	0.41	0.76	1.8	0.9968	3.06	9.4	0.611	1.26	5
10.0	0.31	0.47	2.6	0.99965	3.36	10.5	0.085	0.8	7
7.9	0.33	0.23	1.7	0.99625	3.29	9.3	0.077	0.65	5
7.0	0.975	0.04	2.0	0.99565	3.35	9.4	0.087	0.6	4
8.0	0.52	0.03	1.7	0.99575	3.34	10.0	0.07	0.57	5
7.9	0.37	0.23	1.8	0.9963	3.28	9.3	0.077	0.67	5
12.5	0.56	0.49	2.4	0.9999	3.08	10.9	0.064	0.87	5
11.8	0.26	0.52	1.8	0.9968	3.2	10.2	0.071	0.72	7
8.1	0.87	0.0	3.3	100.025	3.6	9.8	0.096	0.72	4
7.9	0.35	0.46	3.6	0.9973	3.35	12.8	0.078	0.86	8
6.9	0.54	0.04	3.0	0.9987	3.69	9.4	0.077	0.91	6
11.5	0.18	0.51	4.0	0.9996	3.28	10.1	0.10400000000000001	0.97	6
7.9	0.545	0.06	4.0	0.9965	3.36	10.7	0.087	0.67	6
11.5	0.18	0.51	4.0	0.9996	3.28	10.1	0.10400000000000001	0.97	6
10.9	0.37	0.58	4.0	0.99935	3.22	10.1	0.071	0.78	5
8.4	0.715	0.2	2.4	0.99735	3.31	9.4	0.076	0.64	5
7.5	0.65	0.18	7.0	0.99915	3.38	9.4	0.08800000000000001	0.77	5
7.9	0.545	0.06	4.0	0.9965	3.36	10.7	0.087	0.67	6
6.9	0.54	0.04	3.0	0.9987	3.69	9.4	0.077	0.91	6
11.5	0.18	0.51	4.0	0.9996	3.28	10.1	0.10400000000000001	0.97	6
10.3	0.32	0.45	6.4	0.9976	3.23	12.6	0.073	0.82	8
8.9	0.4	0.32	5.6	0.9991	3.38	10.5	0.087	0.77	7
11.4	0.26	0.44	3.6	0.9986	3.12	9.3	0.071	0.82	6
7.7	0.27	0.68	3.5	0.9972	3.25	9.9	0.358	1.08	7
7.6	0.52	0.12	3.0	0.9971	3.36	9.1	0.067	0.57	5
8.9	0.4	0.32	5.6	0.9991	3.38	10.5	0.087	0.77	7
9.9	0.59	0.07	3.4	100.015	3.31	9.8	0.102	0.71	5
9.9	0.59	0.07	3.4	100.015	3.31	9.8	0.102	0.71	5
12.0	0.45	0.55	2.0	0.9997	3.1	10.3	0.073	0.76	6
7.5	0.4	0.12	3.0	0.9967	3.37	10.3	0.092	0.7	6
8.7	0.52	0.09	2.5	0.9976	3.34	10.6	0.091	0.86	7
11.6	0.42	0.53	3.3	1.001	3.2	9.2	0.105	0.95	5
8.7	0.52	0.09	2.5	0.9976	3.34	10.6	0.091	0.86	7
11.0	0.2	0.48	2.0	0.9979	3.3	10.5	0.34299999999999997	0.71	5
10.4	0.55	0.23	2.7	0.9994	3.22	10.3	0.091	0.64	6
6.9	0.36	0.25	2.4	0.9964	3.41	10.1	0.098	0.6	6
13.3	0.34	0.52	3.2	10.014	3.05	9.5	0.094	0.81	6
10.8	0.5	0.46	2.5	10.001	3.05	9.5	0.073	0.64	5
10.6	0.83	0.37	2.6	0.9981	3.16	9.9	0.086	0.52	5
7.1	0.63	0.06	2.0	0.99855	3.67	9.6	0.083	0.73	5
7.2	0.65	0.02	2.3	0.9993	3.67	9.7	0.094	0.8	5
6.9	0.67	0.06	2.1	0.99845	3.68	9.6	0.08	0.71	5
7.5	0.53	0.06	2.6	0.9965	3.38	10.7	0.086	0.59	6
11.1	0.18	0.48	1.5	0.9973	3.22	10.1	0.068	0.64	6
8.3	0.705	0.12	2.6	0.9994	3.51	10.0	0.092	0.72	5
7.4	0.67	0.12	1.6	0.996	3.39	9.5	0.18600000000000003	0.54	5
8.4	0.65	0.6	2.1	0.9973	3.2	9.2	0.11199999999999999	0.52	5
10.3	0.53	0.48	2.5	0.9998	3.12	9.3	0.063	0.59	6
7.6	0.62	0.32	2.2	0.9966	3.36	9.4	0.08199999999999999	0.52	5
10.3	0.41	0.42	2.4	0.9994	3.19	9.5	0.213	0.62	6
10.3	0.43	0.44	2.4	0.9994	3.19	9.5	0.214	0.63	6
7.4	0.29	0.38	1.7	0.9968	3.41	9.5	0.062	0.53	6
10.3	0.53	0.48	2.5	0.9998	3.12	9.3	0.063	0.59	6
7.9	0.53	0.24	2.0	0.996	3.27	9.4	0.07200000000000001	0.54	6
9.0	0.46	0.31	2.8	0.99815	3.32	9.5	0.09300000000000001	0.63	6
8.6	0.47	0.3	3.0	0.9976	3.3	9.4	0.076	0.53	5
7.4	0.36	0.29	2.6	0.99645	3.39	11.0	0.087	0.68	5
7.1	0.35	0.29	2.5	0.9962	3.42	11.0	0.096	0.65	6
9.6	0.56	0.23	3.4	0.9996	3.3	10.1	0.102	0.65	5
9.6	0.77	0.12	2.9	0.99865	3.3	10.4	0.08199999999999999	0.64	6
9.8	0.66	0.39	3.2	0.9989	3.37	11.5	0.083	0.71	7
9.6	0.77	0.12	2.9	0.99865	3.3	10.4	0.08199999999999999	0.64	6
9.8	0.66	0.39	3.2	0.9989	3.37	11.5	0.083	0.71	7
9.3	0.61	0.26	3.4	0.99975	3.24	9.7	0.09	0.62	5
7.8	0.62	0.05	2.3	0.99735	3.29	9.3	0.079	0.63	5
10.3	0.59	0.42	2.8	0.9990000000000001	3.28	9.5	0.09	0.7	6
10.0	0.49	0.2	11.0	10.015	3.16	9.2	0.071	0.69	6
10.0	0.49	0.2	11.0	10.015	3.16	9.2	0.071	0.69	6
11.6	0.53	0.66	3.65	0.9978	3.05	11.5	0.121	0.74	7
10.3	0.44	0.5	4.5	0.998	3.28	11.5	0.107	0.83	5
13.4	0.27	0.62	2.6	10.002	3.16	9.7	0.08199999999999999	0.67	6
10.7	0.46	0.39	2.0	0.9981	3.18	9.5	0.061	0.62	5
10.2	0.36	0.64	2.9	0.998	3.23	12.5	0.122	0.66	6
10.2	0.36	0.64	2.9	0.998	3.23	12.5	0.122	0.66	6
8.0	0.58	0.28	3.2	0.9973	3.22	9.4	0.066	0.54	6
8.4	0.56	0.08	2.1	0.9958	3.13	11.0	0.105	0.52	5
7.9	0.65	0.01	2.5	0.9963	3.34	11.7	0.078	0.74	7
11.9	0.695	0.53	3.4	0.9992	3.17	12.2	0.128	0.84	7
8.9	0.43	0.45	1.9	0.9948	3.35	12.5	0.052000000000000005	0.7	6
7.8	0.43	0.32	2.8	0.9974	3.31	10.3	0.08	0.64	5
12.4	0.49	0.58	3.0	10.008	3.16	11.5	0.10300000000000001	1.0	6
12.5	0.28	0.54	2.3	0.9997	3.11	9.8	0.08199999999999999	1.36	7
12.2	0.34	0.5	2.4	1.0	3.12	9.2	0.066	1.18	6
10.6	0.42	0.48	2.7	0.9972	3.21	11.3	0.065	0.87	6
10.9	0.39	0.47	1.8	0.9982	3.3	9.8	0.11800000000000001	0.75	6
10.9	0.39	0.47	1.8	0.9982	3.3	9.8	0.11800000000000001	0.75	6
11.9	0.57	0.5	2.6	10.006	3.12	10.7	0.08199999999999999	0.78	6
7.0	0.685	0.0	1.9	0.9979	3.6	9.9	0.067	0.81	5
6.6	0.815	0.02	2.7	0.9955	3.58	12.3	0.07200000000000001	0.89	7
13.8	0.49	0.67	3.0	0.9986	3.02	12.0	0.09300000000000001	0.93	6
9.6	0.56	0.31	2.8	0.9979	3.11	10.0	0.08900000000000001	0.92	6
9.1	0.785	0.0	2.6	0.9994	3.36	9.4	0.09300000000000001	0.86	6
10.7	0.67	0.22	2.7	10.004	3.28	9.9	0.107	0.98	6
9.1	0.795	0.0	2.6	0.9994	3.35	9.4	0.096	0.83	6
7.7	0.665	0.0	2.4	0.9974	3.27	9.3	0.09	0.73	5
13.5	0.53	0.79	4.8	10.018	3.18	13.0	0.12	0.77	5
6.1	0.21	0.4	1.4	0.9912	3.25	11.9	0.066	0.59	6
6.7	0.75	0.01	2.4	0.9955	3.55	12.8	0.078	0.61	6
11.5	0.41	0.52	3.0	10.001	3.26	11.0	0.08	0.88	5
10.5	0.42	0.66	2.95	0.997	3.24	11.7	0.11599999999999999	0.75	7
11.9	0.43	0.66	3.1	1.0	3.15	10.4	0.109	0.85	7
12.6	0.38	0.66	2.6	1.001	3.17	9.8	0.08800000000000001	0.68	6
8.2	0.7	0.23	2.0	0.9973	3.19	9.4	0.099	0.7	5
8.6	0.45	0.31	2.6	0.9982	3.37	9.9	0.086	0.91	6
11.9	0.58	0.66	2.5	0.9992	3.05	10.0	0.07200000000000001	0.56	5
12.5	0.46	0.63	2.0	0.9988	2.99	10.2	0.071	0.87	5
12.8	0.615	0.66	5.8	10.022	3.07	10.0	0.083	0.73	7
10.0	0.42	0.5	3.4	0.9979	3.26	11.8	0.107	0.93	6
12.8	0.615	0.66	5.8	10.022	3.07	10.0	0.083	0.73	7
10.4	0.575	0.61	2.6	1.0	3.16	9.0	0.076	0.69	5
10.3	0.34	0.52	2.8	0.9998	3.18	9.4	0.159	0.64	5
9.4	0.27	0.53	2.4	0.9962	3.2	12.0	0.07400000000000001	1.13	7
6.9	0.765	0.02	2.3	0.9975	3.57	9.9	0.063	0.78	5
7.9	0.24	0.4	1.6	0.9967	3.32	8.7	0.055999999999999994	0.87	6
9.1	0.28	0.48	1.8	0.9967	3.32	10.6	0.067	1.04	6
7.4	0.55	0.22	2.2	0.9959	3.05	9.2	0.106	0.63	5
14.0	0.41	0.63	3.8	10.014	3.01	10.8	0.08900000000000001	0.81	6
11.5	0.54	0.71	4.4	0.9984	3.01	11.8	0.124	0.83	7
11.5	0.45	0.5	3.0	10.003	3.26	11.0	0.078	1.11	6
9.4	0.27	0.53	2.4	0.9962	3.2	12.0	0.07400000000000001	1.13	7
11.4	0.625	0.66	6.2	0.9988	3.11	13.3	0.08800000000000001	0.99	6
8.3	0.42	0.38	2.5	0.9979	3.31	10.8	0.094	0.7	6
8.3	0.26	0.42	2.0	0.9974	3.21	9.4	0.08	0.8	6
13.7	0.415	0.68	2.9	10.014	3.06	10.0	0.085	0.8	6
8.3	0.26	0.42	2.0	0.9974	3.21	9.4	0.08	0.8	6
8.3	0.26	0.42	2.0	0.9974	3.21	9.4	0.08	0.8	6
7.7	0.51	0.28	2.1	0.998	3.42	9.2	0.087	0.74	5
7.4	0.63	0.07	2.4	0.9979	3.43	9.7	0.09	0.76	6
7.8	0.54	0.26	2.0	0.9981	3.41	9.2	0.08800000000000001	0.74	6
8.3	0.66	0.15	1.9	0.9972	3.31	9.6	0.079	0.54	6
7.8	0.46	0.26	1.9	0.9981	3.43	9.2	0.08800000000000001	0.74	6
9.6	0.38	0.31	2.5	0.9982	3.19	10.0	0.096	0.7	7
5.6	0.85	0.05	1.4	0.9924	3.56	12.9	0.045	0.82	8
13.7	0.415	0.68	2.9	10.014	3.06	10.0	0.085	0.8	6
9.5	0.37	0.52	2.0	0.998	3.18	9.5	0.08199999999999999	0.51	5
8.4	0.665	0.61	2.0	0.997	3.16	9.1	0.11199999999999999	0.54	5
12.7	0.6	0.65	2.3	0.9997	3.03	9.9	0.063	0.57	5
12.0	0.37	0.76	4.2	10.004	3.22	13.0	0.066	0.6	7
6.6	0.735	0.02	7.9	0.9994	3.47	9.9	0.122	0.53	5
11.5	0.59	0.59	2.6	0.9988	3.18	11.0	0.087	0.65	6
11.5	0.59	0.59	2.6	0.9988	3.18	11.0	0.087	0.65	6
8.7	0.765	0.22	2.3	0.9963	3.1	9.4	0.064	0.55	5
6.6	0.735	0.02	7.9	0.9994	3.47	9.9	0.122	0.53	5
7.7	0.26	0.3	1.7	0.9949	3.29	10.8	0.059000000000000004	0.47	6
12.2	0.48	0.54	2.6	1.0	3.1	10.5	0.085	0.61	6
11.4	0.6	0.49	2.7	0.9994	3.15	10.5	0.085	0.63	6
7.7	0.69	0.05	2.7	0.9974	3.26	9.1	0.075	0.61	5
8.7	0.31	0.46	1.4	0.9966	3.36	10.1	0.059000000000000004	0.76	6
9.8	0.44	0.47	2.5	0.9981	3.24	10.8	0.063	0.65	6
12.0	0.39	0.66	3.0	0.9996	3.18	10.8	0.09300000000000001	0.63	7
10.4	0.34	0.58	3.7	0.997	3.19	11.3	0.174	0.7	6
12.5	0.46	0.49	4.5	0.9981	3.05	9.6	0.07	0.57	4
9.0	0.43	0.34	2.5	0.9987	3.38	9.5	0.08	0.62	6
9.1	0.45	0.35	2.4	0.9987	3.38	9.5	0.08	0.62	5
7.1	0.735	0.16	1.9	0.9966	3.27	9.3	0.1	0.64	5
9.9	0.4	0.53	6.7	0.9986	3.27	11.7	0.09699999999999999	0.82	7
8.8	0.52	0.34	2.7	0.9982	3.26	9.5	0.087	0.61	5
8.6	0.725	0.24	6.6	10.014	3.32	9.3	0.11699999999999999	1.07	5
10.6	0.48	0.64	2.2	0.997	3.26	11.7	0.111	0.66	6
7.0	0.58	0.12	1.9	0.9956	3.44	10.5	0.091	0.48	5
11.9	0.38	0.51	2.0	0.9996	3.24	10.4	0.121	0.76	6
6.8	0.77	0.0	1.8	0.9976	3.62	9.9	0.066	0.68	5
9.5	0.56	0.33	2.4	0.9972	3.28	11.8	0.08900000000000001	0.73	7
6.6	0.84	0.03	2.3	0.9952	3.52	12.3	0.059000000000000004	0.56	7
7.7	0.96	0.2	2.0	0.9955	3.36	10.9	0.047	0.44	5
10.5	0.24	0.47	2.1	0.9978	3.15	11.0	0.066	0.9	7
7.7	0.96	0.2	2.0	0.9955	3.36	10.9	0.047	0.44	5
6.6	0.84	0.03	2.3	0.9952	3.52	12.3	0.059000000000000004	0.56	7
6.4	0.67	0.08	2.1	0.9949	3.49	11.4	0.045	0.49	6
9.5	0.78	0.22	1.9	0.9988	3.26	10.6	0.077	0.56	6
9.1	0.52	0.33	1.3	0.9978	3.24	9.3	0.07	0.6	5
12.8	0.84	0.63	2.4	0.9997	3.1	10.4	0.08800000000000001	0.6	6
10.5	0.24	0.47	2.1	0.9978	3.15	11.0	0.066	0.9	7
7.8	0.55	0.35	2.2	0.9974	3.25	9.2	0.07400000000000001	0.56	5
11.9	0.37	0.69	2.3	0.9958	3.0	12.8	0.078	0.65	6
12.3	0.39	0.63	2.3	10.004	3.16	9.5	0.091	0.49	5
10.4	0.41	0.55	3.2	0.9996	3.15	9.9	0.076	0.89	6
12.3	0.39	0.63	2.3	10.004	3.16	9.5	0.091	0.49	5
8.0	0.67	0.3	2.0	0.9958	3.26	10.2	0.06	0.56	6
11.1	0.45	0.73	3.2	0.9986	3.17	11.2	0.066	0.66	6
10.4	0.41	0.55	3.2	0.9996	3.15	9.9	0.076	0.89	6
7.0	0.62	0.18	1.5	0.9951	3.08	9.3	0.062	0.6	5
12.6	0.31	0.72	2.2	0.9987	2.88	9.8	0.07200000000000001	0.82	8
11.9	0.4	0.65	2.15	0.9988	3.06	11.3	0.068	0.68	6
15.6	0.685	0.76	3.7	10.032	2.95	11.2	0.1	0.68	7
10.0	0.44	0.49	2.7	0.9963	3.23	11.6	0.077	0.63	7
5.3	0.57	0.01	1.7	0.9934	3.57	12.5	0.054000000000000006	0.84	7
9.5	0.735	0.1	2.1	0.9986	3.23	10.1	0.079	0.56	6
12.5	0.38	0.6	2.6	0.9996	3.1	10.5	0.081	0.73	5
9.3	0.48	0.29	2.1	0.9968	3.22	11.2	0.127	0.72	5
8.6	0.53	0.22	2.0	0.9967	3.2	10.2	0.1	0.56	6
11.9	0.39	0.69	2.8	0.9994	3.1	10.8	0.095	0.61	6
11.9	0.39	0.69	2.8	0.9994	3.1	10.8	0.095	0.61	6
8.4	0.37	0.53	1.8	0.9979	3.06	9.1	0.413	1.06	6
6.8	0.56	0.03	1.7	0.9968	3.44	10.0	0.084	0.63	6
10.4	0.33	0.63	2.8	0.9998	3.26	11.2	0.084	0.74	7
7.0	0.23	0.4	1.6	0.9952	3.5	11.1	0.063	0.63	5
11.3	0.62	0.67	5.2	0.9988	3.22	13.4	0.086	0.69	8
8.9	0.59	0.39	2.3	0.9986	3.37	10.3	0.095	0.58	5
9.2	0.63	0.21	2.7	0.9988	3.28	9.6	0.09699999999999999	0.58	5
10.4	0.33	0.63	2.8	0.9998	3.26	11.2	0.084	0.74	7
11.6	0.58	0.66	2.2	10.008	3.25	9.0	0.07400000000000001	0.57	3
9.2	0.43	0.52	2.3	0.9976	3.35	11.3	0.083	0.61	6
8.3	0.615	0.22	2.6	0.9982	3.26	9.3	0.087	0.61	5
11.0	0.26	0.68	2.55	0.997	3.18	11.8	0.085	0.61	5
8.1	0.66	0.7	2.2	0.9972	3.08	9.0	0.098	0.53	5
11.5	0.315	0.54	2.1	0.9987	2.98	9.2	0.084	0.7	6
10.0	0.29	0.4	2.9	10.006	3.48	9.7	0.098	0.91	5
10.3	0.5	0.42	2.0	0.9982	3.16	11.5	0.069	0.72	6
8.8	0.46	0.45	2.6	0.9947	3.32	14.0	0.065	0.79	6
11.4	0.36	0.69	2.1	1.0	3.17	9.2	0.09	0.62	6
8.7	0.82	0.02	1.2	0.9952	3.2	9.8	0.07	0.58	5
13.0	0.32	0.65	2.6	0.9996	3.05	10.6	0.09300000000000001	0.61	5
9.6	0.54	0.42	2.4	0.997	3.2	11.4	0.081	0.71	6
12.5	0.37	0.55	2.6	0.9995	3.15	10.4	0.083	0.82	6
9.9	0.35	0.55	2.1	0.9971	3.26	10.6	0.062	0.79	5
10.5	0.28	0.51	1.7	0.9982	3.2	9.4	0.08	0.89	6
9.6	0.68	0.24	2.2	0.9988	3.14	10.2	0.087	0.6	5
9.3	0.27	0.41	2.0	0.998	3.28	9.7	0.091	0.7	5
10.4	0.24	0.49	1.8	0.9977	3.18	11.0	0.075	1.06	6
9.6	0.68	0.24	2.2	0.9988	3.14	10.2	0.087	0.6	5
9.4	0.685	0.11	2.7	0.9984	3.19	10.1	0.077	0.7	6
10.6	0.28	0.39	15.5	10.026	3.12	9.2	0.069	0.66	5
9.4	0.3	0.56	2.8	0.9964	3.15	11.7	0.08	0.92	8
10.6	0.36	0.59	2.2	0.9986	3.04	9.4	0.152	1.05	5
10.6	0.36	0.6	2.2	0.9986	3.04	9.4	0.152	1.06	5
10.6	0.44	0.68	4.1	0.997	3.06	13.4	0.114	0.66	6
10.2	0.67	0.39	1.9	0.9976	3.17	10.0	0.054000000000000006	0.47	5
10.2	0.67	0.39	1.9	0.9976	3.17	10.0	0.054000000000000006	0.47	5
10.2	0.645	0.36	1.8	0.9982	3.17	10.0	0.053	0.42	6
11.6	0.32	0.55	2.8	10.002	3.32	10.8	0.081	0.92	7
9.3	0.39	0.4	2.6	0.9984	3.34	10.2	0.073	0.75	6
9.3	0.775	0.27	2.8	0.9984	3.31	10.6	0.078	0.67	6
9.2	0.41	0.5	2.5	0.9952	3.34	13.3	0.055	0.79	7
8.9	0.4	0.51	2.6	0.995	3.32	13.4	0.052000000000000005	0.9	7
8.7	0.69	0.31	3.0	10.002	3.48	11.6	0.086	0.74	6
6.5	0.39	0.23	8.3	0.9952	3.44	12.1	0.051	0.55	6
10.7	0.35	0.53	2.6	0.9972	3.15	11.0	0.07	0.65	8
7.8	0.52	0.25	1.9	0.9984	3.43	9.0	0.081	0.65	6
7.2	0.34	0.32	2.5	0.9966	3.32	11.1	0.09	0.79	5
10.7	0.35	0.53	2.6	0.9972	3.15	11.0	0.07	0.65	8
8.7	0.69	0.31	3.0	10.002	3.48	11.6	0.086	0.74	6
7.8	0.52	0.25	1.9	0.9984	3.43	9.0	0.081	0.65	6
10.4	0.44	0.73	6.55	0.9990000000000001	3.17	12.0	0.07400000000000001	0.85	7
10.4	0.44	0.73	6.55	0.9990000000000001	3.17	12.0	0.07400000000000001	0.85	7
10.5	0.26	0.47	1.9	0.9976	3.18	10.9	0.078	1.04	7
10.5	0.24	0.42	1.8	0.9976	3.21	10.8	0.077	1.05	7
10.2	0.49	0.63	2.9	0.9968	3.16	12.5	0.07200000000000001	0.78	7
10.4	0.24	0.46	1.8	0.9976	3.25	10.8	0.075	1.02	7
11.2	0.67	0.55	2.3	1.0	3.17	9.5	0.084	0.71	6
10.0	0.59	0.31	2.2	0.9994	3.18	10.2	0.09	0.63	6
13.3	0.29	0.75	2.8	0.9986	3.04	11.4	0.084	0.68	7
12.4	0.42	0.49	4.6	0.9978	3.02	9.5	0.073	0.61	5
10.0	0.59	0.31	2.2	0.9994	3.18	10.2	0.09	0.63	6
10.7	0.4	0.48	2.1	0.998	3.03	9.7	0.125	0.81	6
10.5	0.51	0.64	2.4	0.9973	3.09	11.8	0.107	0.66	7
10.5	0.51	0.64	2.4	0.9973	3.09	11.8	0.107	0.66	7
8.5	0.655	0.49	6.1	1.001	3.31	9.3	0.122	1.14	5
12.5	0.6	0.49	4.3	1.001	3.25	11.9	0.1	0.74	6
10.4	0.61	0.49	2.1	0.9994	3.16	8.4	0.2	0.63	3
10.9	0.21	0.49	2.8	0.9972	3.22	11.7	0.08800000000000001	0.68	6
7.3	0.365	0.49	2.5	0.9966	3.36	11.0	0.08800000000000001	0.78	5
9.8	0.25	0.49	2.7	0.9982	3.42	10.0	0.08800000000000001	0.9	6
7.6	0.41	0.49	2.0	0.998	3.48	9.1	0.08800000000000001	0.64	5
8.2	0.39	0.49	2.3	0.9979	3.38	9.8	0.099	0.99	5
9.3	0.4	0.49	2.5	0.9978	3.22	9.4	0.085	0.55	5
9.2	0.43	0.49	2.4	0.9976	3.23	9.5	0.086	0.64	5
10.4	0.64	0.24	2.8	0.9998	3.24	9.9	0.105	0.67	5
7.3	0.365	0.49	2.5	0.9966	3.36	11.0	0.08800000000000001	0.78	5
7.0	0.38	0.49	2.5	0.9962	3.39	11.4	0.09699999999999999	0.77	6
8.2	0.42	0.49	2.6	0.9988	3.34	8.7	0.084	0.75	6
9.9	0.63	0.24	2.4	0.9974	3.09	9.4	0.077	0.57	5
9.1	0.22	0.24	2.1	0.9990000000000001	3.41	10.3	0.078	0.87	6
11.9	0.38	0.49	2.7	10.004	3.16	10.3	0.098	0.61	5
11.9	0.38	0.49	2.7	10.004	3.16	10.3	0.098	0.61	5
10.3	0.27	0.24	2.1	0.9956	3.22	12.8	0.07200000000000001	0.66	6
10.0	0.48	0.24	2.7	1.0	3.28	10.0	0.102	0.56	6
9.1	0.22	0.24	2.1	0.9990000000000001	3.41	10.3	0.078	0.87	6
9.9	0.63	0.24	2.4	0.9974	3.09	9.4	0.077	0.57	5
8.1	0.825	0.24	2.1	0.9972	3.37	10.7	0.084	0.77	6
12.9	0.35	0.49	5.8	10.014	3.2	12.0	0.066	0.66	7
11.2	0.5	0.74	5.15	0.9996	3.22	11.2	0.1	0.62	5
9.2	0.59	0.24	3.3	0.9988	3.26	9.6	0.10099999999999999	0.67	5
9.5	0.46	0.49	6.3	0.9988	3.21	11.0	0.064	0.73	6
9.3	0.715	0.24	2.1	0.9966	3.12	9.9	0.07	0.59	5
11.2	0.66	0.24	2.5	0.9993	3.06	11.0	0.085	0.72	6
14.3	0.31	0.74	1.8	10.008	2.86	8.4	0.075	0.79	6
9.1	0.47	0.49	2.6	0.9982	3.08	9.1	0.094	0.59	5
7.5	0.55	0.24	2.0	0.9983	3.45	9.5	0.078	0.78	6
10.6	0.31	0.49	2.5	0.9987	3.26	10.7	0.067	0.86	6
12.4	0.35	0.49	2.6	0.9994	3.12	10.4	0.079	0.75	6
9.0	0.53	0.49	1.9	0.9975	3.27	9.4	0.171	0.61	6
6.8	0.51	0.01	2.1	0.9958	3.33	9.5	0.07400000000000001	0.56	6
9.4	0.43	0.24	2.8	0.998	3.19	10.0	0.092	0.73	6
9.5	0.46	0.24	2.7	0.998	3.12	10.0	0.092	0.74	6
5.0	1.04	0.24	1.6	0.9934	3.74	11.5	0.05	0.62	5
15.5	0.645	0.49	4.2	100.315	2.92	11.1	0.095	0.74	5
15.5	0.645	0.49	4.2	100.315	2.92	11.1	0.095	0.74	5
10.9	0.53	0.49	4.6	10.002	3.07	11.7	0.11800000000000001	0.56	6
15.6	0.645	0.49	4.2	100.315	2.92	11.1	0.095	0.74	5
10.9	0.53	0.49	4.6	10.002	3.07	11.7	0.11800000000000001	0.56	6
13.0	0.47	0.49	4.3	10.021	3.3	12.7	0.085	0.68	6
12.7	0.6	0.49	2.8	0.9994	3.14	11.4	0.075	0.57	5
9.0	0.44	0.49	2.4	0.9978	3.23	9.2	0.078	0.58	5
9.0	0.54	0.49	2.9	0.9982	3.08	9.2	0.094	0.61	5
7.6	0.29	0.49	2.7	0.9971	3.31	10.1	0.092	0.61	6
13.0	0.47	0.49	4.3	10.021	3.3	12.7	0.085	0.68	6
12.7	0.6	0.49	2.8	0.9994	3.14	11.4	0.075	0.57	5
8.7	0.7	0.24	2.5	0.9991	3.32	9.0	0.226	0.6	6
8.7	0.7	0.24	2.5	0.9991	3.32	9.0	0.226	0.6	6
9.8	0.5	0.49	2.6	0.9990000000000001	3.31	10.7	0.25	0.79	6
6.2	0.36	0.24	2.2	0.9946	3.57	11.7	0.095	0.57	6
11.5	0.35	0.49	3.3	10.003	3.32	11.0	0.07	0.91	6
6.2	0.36	0.24	2.2	0.9946	3.57	11.7	0.095	0.57	6
10.2	0.24	0.49	2.4	0.9978	3.14	10.4	0.075	0.61	5
10.5	0.59	0.49	2.1	0.9991	3.3	9.6	0.07	0.56	4
10.6	0.34	0.49	3.2	0.9992	3.19	10.0	0.078	0.7	6
12.3	0.27	0.49	3.1	0.9993	3.2	10.2	0.079	0.8	6
9.9	0.5	0.24	2.3	0.9978	3.34	10.0	0.10300000000000001	0.52	4
8.8	0.44	0.49	2.8	0.9982	3.3	9.5	0.083	0.6	5
8.8	0.47	0.49	2.9	0.9982	3.29	9.8	0.085	0.6	5
10.6	0.31	0.49	2.2	0.9976	3.14	9.8	0.063	0.51	6
12.3	0.5	0.49	2.2	10.002	3.19	9.6	0.08900000000000001	0.44	5
12.3	0.5	0.49	2.2	10.002	3.19	9.6	0.08900000000000001	0.44	5
11.7	0.49	0.49	2.2	1.0	3.19	9.2	0.083	0.43	5
12.0	0.28	0.49	1.9	0.9976	2.98	9.9	0.07400000000000001	0.66	7
11.8	0.33	0.49	3.4	10.002	3.3	10.7	0.09300000000000001	0.76	7
7.6	0.51	0.24	2.4	0.998	3.47	9.6	0.091	0.66	6
11.1	0.31	0.49	2.7	0.9986	3.12	10.6	0.094	1.02	7
7.3	0.73	0.24	1.9	0.9967	3.26	9.3	0.10800000000000001	0.59	5
5.0	0.42	0.24	2.0	0.9917	3.72	14.0	0.06	0.74	8
10.2	0.29	0.49	2.6	0.9976	3.05	10.5	0.059000000000000004	0.74	7
9.0	0.45	0.49	2.6	0.9987	3.35	9.7	0.084	0.57	5
6.6	0.39	0.49	1.7	0.9922	3.12	11.5	0.07	0.5	6
9.0	0.45	0.49	2.6	0.9987	3.35	9.7	0.084	0.57	5
9.9	0.49	0.58	3.5	10.004	3.29	9.0	0.094	0.58	5
7.9	0.72	0.17	2.6	0.9978	3.4	9.5	0.096	0.53	5
8.9	0.595	0.41	7.9	0.9998	3.27	9.3	0.086	0.57	5
12.4	0.4	0.51	2.0	0.9994	3.04	9.3	0.059000000000000004	0.6	6
11.9	0.58	0.58	1.9	0.998	3.09	10.0	0.071	0.63	6
8.5	0.585	0.18	2.1	0.9967	3.2	9.8	0.078	0.48	6
12.7	0.59	0.45	2.3	1.0	3.0	9.3	0.08199999999999999	0.7	6
8.2	0.915	0.27	2.1	0.9962	3.26	10.0	0.08800000000000001	0.47	4
13.2	0.46	0.52	2.2	10.006	3.1	9.0	0.071	0.56	6
7.7	0.835	0.0	2.6	0.9975	3.3	9.3	0.081	0.52	5
13.2	0.46	0.52	2.2	10.006	3.1	9.0	0.071	0.56	6
8.3	0.58	0.13	2.9	0.9984	3.17	9.1	0.096	0.62	6
8.3	0.6	0.13	2.6	0.9984	3.31	9.2	0.085	0.59	6
9.4	0.41	0.48	4.6	0.9973	3.34	12.2	0.07200000000000001	0.79	7
8.8	0.48	0.41	3.3	0.9982	3.31	10.5	0.092	0.53	6
10.1	0.65	0.37	5.1	10.026	3.32	10.4	0.11	0.64	6
6.3	0.36	0.19	3.2	0.9956	3.56	12.7	0.075	0.52	6
8.8	0.24	0.54	2.5	0.9983	3.39	9.2	0.083	0.54	5
13.2	0.38	0.55	2.7	10.006	2.98	9.4	0.081	0.54	5
7.5	0.64	0.0	2.4	0.9965	3.32	10.0	0.077	0.6	6
8.2	0.39	0.38	1.5	0.9962	3.26	9.8	0.057999999999999996	0.74	5
9.2	0.755	0.18	2.2	0.9969	2.87	10.2	0.14800000000000002	1.36	6
9.6	0.6	0.5	2.3	0.9997	3.5	9.7	0.079	0.57	5
9.6	0.6	0.5	2.3	0.9997	3.5	9.7	0.079	0.57	5
11.5	0.31	0.51	2.2	0.9982	3.03	9.8	0.079	0.93	6
11.4	0.46	0.5	2.7	10.006	3.13	10.2	0.122	0.7	5
11.3	0.37	0.41	2.3	0.9988	3.09	9.3	0.08800000000000001	0.8	5
8.3	0.54	0.24	3.4	0.9976	3.27	9.4	0.076	0.61	5
8.2	0.56	0.23	3.4	0.9976	3.28	9.4	0.078	0.62	5
10.0	0.58	0.22	1.9	0.9974	3.13	9.5	0.08	0.55	5
7.9	0.51	0.25	2.9	0.9974	3.49	12.1	0.077	0.96	6
6.8	0.69	0.0	5.6	0.9997	3.46	10.2	0.124	0.72	5
6.8	0.69	0.0	5.6	0.9997	3.46	10.2	0.124	0.72	5
8.8	0.6	0.29	2.2	0.9988	3.36	9.1	0.098	0.49	5
8.8	0.6	0.29	2.2	0.9988	3.36	9.1	0.098	0.49	5
8.7	0.54	0.26	2.5	0.9976	3.27	9.3	0.09699999999999999	0.6	6
7.6	0.685	0.23	2.3	0.9964	3.21	9.3	0.111	0.61	5
8.7	0.54	0.26	2.5	0.9976	3.27	9.3	0.09699999999999999	0.6	6
10.4	0.28	0.54	2.7	0.9988	3.25	9.5	0.105	0.63	5
7.6	0.41	0.14	3.0	0.9964	3.32	10.5	0.087	0.57	6
10.1	0.935	0.22	3.4	1.001	3.43	11.3	0.105	0.64	4
7.9	0.35	0.21	1.9	0.9964	3.27	9.5	0.073	0.58	5
8.7	0.84	0.0	1.4	0.9954	3.27	9.7	0.065	0.55	5
9.6	0.88	0.28	2.4	0.9979	3.24	9.4	0.086	0.53	5
9.5	0.885	0.27	2.3	0.9978	3.24	9.4	0.084	0.53	5
7.7	0.915	0.12	2.2	0.9964	3.35	10.2	0.14300000000000002	0.65	7
8.9	0.29	0.35	1.9	0.997	3.18	10.3	0.067	1.36	6
9.9	0.54	0.45	2.3	0.9991	3.39	9.4	0.071	0.62	5
9.5	0.59	0.44	2.3	0.9992	3.46	9.5	0.071	0.63	5
9.9	0.54	0.45	2.3	0.9991	3.39	9.4	0.071	0.62	5
9.5	0.59	0.44	2.3	0.9992	3.46	9.5	0.071	0.63	5
9.9	0.54	0.45	2.3	0.9991	3.39	9.4	0.071	0.62	5
7.8	0.64	0.1	6.0	0.9984	3.37	10.1	0.115	0.69	7
7.3	0.67	0.05	3.6	0.9972	3.4	10.1	0.107	0.63	5
8.3	0.845	0.01	2.2	0.9967	3.32	11.0	0.07	0.58	4
8.7	0.48	0.3	2.8	0.9964	3.33	11.2	0.066	0.67	7
6.7	0.42	0.27	8.6	0.9948	3.16	11.3	0.068	0.57	6
10.7	0.43	0.39	2.2	0.9986	2.89	9.6	0.106	0.5	5
9.8	0.88	0.25	2.5	1.001	3.41	11.2	0.10400000000000001	0.67	5
15.9	0.36	0.65	7.5	0.9976	2.98	14.9	0.096	0.84	5
9.4	0.33	0.59	2.8	0.9976	3.12	12.0	0.079	0.54	6
8.6	0.47	0.47	2.4	0.9979	3.08	9.5	0.07400000000000001	0.46	5
9.7	0.55	0.17	2.9	10.004	3.14	9.4	0.087	0.61	5
10.7	0.43	0.39	2.2	0.9986	2.89	9.6	0.106	0.5	5
12.0	0.5	0.59	1.4	0.998	2.92	10.5	0.073	0.68	7
7.2	0.52	0.07	1.4	0.9973	3.32	9.6	0.07400000000000001	0.81	6
7.1	0.84	0.02	4.4	0.997	3.41	11.0	0.096	0.57	4
7.2	0.52	0.07	1.4	0.9973	3.32	9.6	0.07400000000000001	0.81	6
7.5	0.42	0.31	1.6	0.9978	3.31	9.0	0.08	0.64	5
7.2	0.57	0.06	1.6	0.9972	3.36	9.6	0.076	0.7	6
10.1	0.28	0.46	1.8	0.9974	3.04	10.2	0.05	0.79	6
12.1	0.4	0.52	2.0	1.0	3.03	10.2	0.092	0.66	5
9.4	0.59	0.14	2.0	0.9981	3.14	9.7	0.084	0.56	5
8.3	0.49	0.36	1.8	0.998	3.18	9.5	0.222	0.6	6
11.3	0.34	0.45	2.0	0.9988	2.94	9.2	0.08199999999999999	0.66	6
10.0	0.73	0.43	2.3	0.9966	3.15	11.0	0.059000000000000004	0.57	5
11.3	0.34	0.45	2.0	0.9988	2.94	9.2	0.08199999999999999	0.66	6
6.9	0.4	0.24	2.5	0.9959	3.26	10.0	0.083	0.58	5
8.2	0.73	0.21	1.7	0.9968	3.2	9.5	0.07400000000000001	0.52	5
9.8	1.24	0.34	2.0	0.998	3.15	9.5	0.079	0.53	5
8.2	0.73	0.21	1.7	0.9968	3.2	9.5	0.07400000000000001	0.52	5
10.8	0.4	0.41	2.2	0.9984	3.08	9.3	0.084	0.67	6
9.3	0.41	0.39	2.2	0.9984	3.26	10.2	0.064	0.65	5
10.8	0.4	0.41	2.2	0.9984	3.08	9.3	0.084	0.67	6
8.6	0.8	0.11	2.3	0.9979	3.4	9.9	0.084	0.48	5
8.3	0.78	0.1	2.6	0.9983	3.48	10.0	0.081	0.53	5
10.8	0.26	0.45	3.3	0.9972	3.13	9.6	0.06	0.54	5
13.3	0.43	0.58	1.9	10.004	3.06	9.0	0.07	0.49	5
8.0	0.45	0.23	2.2	0.9962	3.21	10.2	0.094	0.49	6
8.5	0.46	0.31	2.25	0.998	3.33	9.8	0.078	0.54	5
8.1	0.78	0.23	2.6	0.997	3.37	11.3	0.059000000000000004	0.56	5
9.8	0.98	0.32	2.3	0.998	3.25	9.4	0.078	0.48	5
8.1	0.78	0.23	2.6	0.997	3.37	11.3	0.059000000000000004	0.56	5
7.1	0.65	0.18	1.8	0.997	3.44	9.1	0.07	0.6	5
9.1	0.64	0.23	3.1	0.9998	3.28	9.7	0.095	0.59	5
7.7	0.66	0.04	1.6	0.9962	3.4	9.4	0.039	0.47	5
8.1	0.38	0.48	1.8	0.9976	3.3	9.4	0.157	1.05	5
7.4	1.185	0.0	4.25	0.9966	3.63	10.7	0.09699999999999999	0.54	3
9.2	0.92	0.24	2.6	0.9998	3.48	9.8	0.087	0.54	5
8.6	0.49	0.51	2.0	0.9979	3.03	9.0	0.42200000000000004	1.17	5
9.0	0.48	0.32	2.8	0.9984	3.32	9.4	0.084	0.62	5
9.0	0.47	0.31	2.7	0.9984	3.31	9.4	0.084	0.61	5
5.1	0.47	0.02	1.3	0.9921	3.9	12.8	0.034	0.62	6
7.0	0.65	0.02	2.1	0.9972	3.47	9.5	0.066	0.67	6
7.0	0.65	0.02	2.1	0.9972	3.47	9.5	0.066	0.67	6
9.4	0.615	0.28	3.2	10.001	3.31	9.7	0.087	0.53	5
11.8	0.38	0.55	2.1	0.9986	3.11	10.8	0.071	0.62	6
10.6	1.02	0.43	2.9	0.9984	3.08	10.1	0.076	0.57	6
7.0	0.65	0.02	2.1	0.9972	3.47	9.5	0.066	0.67	6
7.0	0.64	0.02	2.1	0.997	3.47	9.4	0.067	0.67	6
7.5	0.38	0.48	2.6	0.9972	3.32	9.6	0.073	0.7	4
9.1	0.765	0.04	1.6	0.998	3.29	9.7	0.078	0.54	4
8.4	1.035	0.15	6.0	0.9990000000000001	3.37	9.9	0.073	0.49	5
7.0	0.78	0.08	2.0	0.9956	3.4	10.0	0.09300000000000001	0.47	5
7.4	0.49	0.19	3.0	0.9966	3.37	10.5	0.077	0.51	5
7.8	0.545	0.12	2.5	0.996	3.34	11.6	0.068	0.61	6
9.7	0.31	0.47	1.6	0.9983	3.27	10.0	0.062	0.66	6
10.6	1.025	0.43	2.8	0.9985	3.06	10.1	0.08	0.57	5
8.9	0.565	0.34	3.0	0.9998	3.38	9.5	0.09300000000000001	0.61	5
8.7	0.69	0.0	3.2	0.9992	3.36	9.4	0.084	0.45	5
8.0	0.43	0.36	2.3	0.9976	3.34	9.4	0.075	0.46	5
9.9	0.74	0.28	2.6	0.998	3.28	9.8	0.078	0.51	5
7.2	0.49	0.18	2.7	0.9967	3.29	9.2	0.069	0.48	6
8.0	0.43	0.36	2.3	0.9976	3.34	9.4	0.075	0.46	5
7.6	0.46	0.11	2.6	0.9968	3.21	10.0	0.079	0.57	5
8.4	0.56	0.04	2.0	0.9976	3.22	9.6	0.08199999999999999	0.44	5
7.1	0.66	0.0	3.9	0.9976	3.46	9.5	0.086	0.54	5
8.4	0.56	0.04	2.0	0.9976	3.22	9.6	0.08199999999999999	0.44	5
8.9	0.48	0.24	2.85	0.9982	3.1	9.2	0.094	0.53	5
7.6	0.42	0.08	2.7	0.9968	3.21	10.0	0.084	0.59	5
7.1	0.31	0.3	2.2	0.9965	2.94	9.5	0.053	1.62	5
7.5	1.115	0.1	3.1	0.9958	3.54	11.2	0.086	0.6	4
9.0	0.66	0.17	3.0	0.9976	3.29	10.4	0.077	0.55	5
8.1	0.72	0.09	2.8	0.9994	3.43	11.1	0.084	0.72	6
6.4	0.57	0.02	1.8	0.997	3.46	9.5	0.067	0.68	5
6.4	0.57	0.02	1.8	0.997	3.46	9.5	0.067	0.68	5
6.4	0.865	0.03	3.2	0.995	3.61	12.7	0.071	0.49	6
9.5	0.55	0.66	2.3	0.9982	3.17	9.6	0.387	0.67	5
8.9	0.875	0.13	3.45	0.9994	3.44	11.5	0.08800000000000001	0.52	5
7.3	0.835	0.03	2.1	0.9966	3.39	9.6	0.092	0.47	5
7.0	0.45	0.34	2.7	0.998	3.55	9.5	0.08199999999999999	0.6	5
7.7	0.56	0.2	2.0	0.9987	3.48	9.3	0.075	0.62	5
7.7	0.965	0.1	2.1	0.9963	3.26	9.5	0.11199999999999999	0.5	5
7.7	0.965	0.1	2.1	0.9963	3.26	9.5	0.11199999999999999	0.5	5
8.2	0.59	0.0	2.5	10.002	3.5	9.3	0.09300000000000001	0.65	6
9.0	0.46	0.23	2.8	0.9983	3.1	9.2	0.092	0.56	5
9.0	0.69	0.0	2.4	0.9990000000000001	3.35	9.3	0.08800000000000001	0.6	5
8.3	0.76	0.29	4.2	0.9965	3.45	11.5	0.075	0.68	6
9.2	0.53	0.24	2.6	0.9978799999999999	3.21	9.5	0.078	0.57	5
6.5	0.615	0.0	1.9	0.9972	3.46	9.2	0.065	0.65	5
11.6	0.41	0.58	2.8	100.024	3.13	10.0	0.096	0.53	5
11.1	0.39	0.54	2.7	10.001	3.13	9.5	0.095	0.51	5
7.3	0.51	0.18	2.1	0.9976799999999999	3.52	9.5	0.07	0.73	6
8.2	0.34	0.38	2.5	0.9978	3.3	9.0	0.08	0.47	6
8.6	0.33	0.4	2.6	0.99782	3.3	9.4	0.083	0.48	5
7.2	0.5	0.18	2.1	0.99761	3.52	9.6	0.071	0.72	6
7.3	0.51	0.18	2.1	0.9976799999999999	3.52	9.5	0.07	0.73	6
8.3	0.65	0.1	2.9	0.99803	3.29	9.5	0.08900000000000001	0.55	5
8.3	0.65	0.1	2.9	0.99803	3.29	9.5	0.08900000000000001	0.55	5
7.6	0.54	0.13	2.5	0.99785	3.39	9.4	0.09699999999999999	0.61	5
8.3	0.65	0.1	2.9	0.99803	3.29	9.5	0.08900000000000001	0.55	5
7.8	0.48	0.68	1.7	0.99656	3.09	9.1	0.415	1.06	6
7.8	0.91	0.07	1.9	0.99525	3.51	10.7	0.057999999999999996	0.43	6
6.3	0.98	0.01	2.0	0.9948799999999999	3.6	11.2	0.057	0.46	6
8.1	0.87	0.0	2.2	0.99656	3.25	9.8	0.084	0.5	5
8.1	0.87	0.0	2.2	0.99656	3.25	9.8	0.084	0.5	5
8.8	0.42	0.21	2.5	0.99823	3.19	9.2	0.092	0.52	5
9.0	0.58	0.25	2.8	0.99779	3.23	9.7	0.075	0.57	5
9.3	0.655	0.26	2.0	0.9973799999999999	3.25	9.6	0.096	0.42	5
8.8	0.7	0.0	1.7	0.9970100000000001	3.31	10.0	0.069	0.53	6
9.3	0.655	0.26	2.0	0.9973799999999999	3.25	9.6	0.096	0.42	5
9.1	0.68	0.11	2.8	0.9988799999999999	3.31	9.5	0.09300000000000001	0.55	6
9.2	0.67	0.1	3.0	0.9988799999999999	3.31	9.5	0.091	0.54	6
8.8	0.59	0.18	2.9	0.9973799999999999	3.14	9.4	0.08900000000000001	0.54	5
7.5	0.6	0.32	2.7	0.9993799999999999	3.45	9.5	0.10300000000000001	0.62	5
7.1	0.59	0.02	2.3	0.99744	3.55	9.7	0.08199999999999999	0.53	6
7.9	0.72	0.01	1.9	0.9966799999999999	3.39	9.6	0.076	0.54	5
7.1	0.59	0.02	2.3	0.99744	3.55	9.7	0.08199999999999999	0.53	6
9.4	0.685	0.26	2.4	0.9978	3.28	9.4	0.08199999999999999	0.55	5
9.5	0.57	0.27	2.3	0.99782	3.27	9.4	0.08199999999999999	0.55	5
7.9	0.4	0.29	1.8	0.9973	3.3	9.5	0.157	0.92	6
7.9	0.4	0.3	1.8	0.9972700000000001	3.31	9.5	0.157	0.91	6
7.2	1.0	0.0	3.0	0.9958600000000001	3.43	10.0	0.102	0.46	5
6.9	0.765	0.18	2.4	0.9961200000000001	3.4	10.3	0.243	0.6	6
6.9	0.635	0.17	2.4	0.9961	3.4	10.3	0.24100000000000002	0.59	6
8.3	0.43	0.3	3.4	0.9978799999999999	3.36	10.5	0.079	0.61	5
7.1	0.52	0.03	2.6	0.99745	3.5	9.8	0.076	0.6	5
7.0	0.57	0.0	2.0	0.9967600000000001	3.31	9.4	0.19	0.6	6
6.5	0.46	0.14	2.4	0.9973200000000001	3.66	9.8	0.114	0.65	5
9.0	0.82	0.05	2.4	0.9981399999999999	3.36	10.0	0.081	0.53	5
6.5	0.46	0.14	2.4	0.9973200000000001	3.66	9.8	0.114	0.65	5
7.1	0.59	0.01	2.5	0.99746	3.55	9.8	0.077	0.59	5
9.9	0.35	0.41	2.3	0.9982	3.21	9.5	0.083	0.5	5
9.9	0.35	0.41	2.3	0.9982	3.21	9.5	0.083	0.5	5
10.0	0.56	0.24	2.2	0.9991	3.18	10.1	0.079	0.56	6
10.0	0.56	0.24	2.2	0.9991	3.18	10.1	0.079	0.56	6
8.6	0.63	0.17	2.9	0.998	3.09	9.3	0.099	0.52	5
7.4	0.37	0.43	2.6	0.99708	3.33	9.7	0.08199999999999999	0.68	6
8.8	0.64	0.17	2.9	0.99818	3.23	9.6	0.084	0.54	5
7.1	0.61	0.02	2.5	0.99745	3.48	9.7	0.081	0.6	6
7.7	0.6	0.0	2.6	0.99639	3.38	10.8	0.055	0.56	5
10.1	0.27	0.54	2.3	0.99531	3.17	12.5	0.065	0.53	6
10.8	0.89	0.3	2.6	0.9978600000000001	2.99	10.2	0.132	1.18	5
8.7	0.46	0.31	2.5	0.99746	3.1	9.6	0.126	0.74	5
9.3	0.37	0.44	1.6	0.99526	3.24	10.8	0.038	0.81	7
9.4	0.5	0.34	3.6	0.9987	3.29	10.7	0.08199999999999999	0.52	6
9.4	0.5	0.34	3.6	0.9987	3.29	10.7	0.08199999999999999	0.52	6
7.2	0.61	0.08	4.0	0.99641	3.25	9.4	0.08199999999999999	0.51	5
8.6	0.55	0.09	3.3	0.99735	3.23	10.0	0.068	0.44	5
5.1	0.585	0.0	1.7	0.99264	3.56	12.9	0.044000000000000004	0.94	7
7.7	0.56	0.08	2.5	0.9971	3.24	9.6	0.114	0.66	6
8.4	0.52	0.22	2.7	0.99682	3.26	9.9	0.084	0.57	6
8.2	0.28	0.4	2.4	0.99356	3.33	12.8	0.052000000000000005	0.7	7
8.4	0.25	0.39	2.0	0.9938600000000001	3.27	12.5	0.040999999999999995	0.71	7
8.2	0.28	0.4	2.4	0.99356	3.33	12.8	0.052000000000000005	0.7	7
7.4	0.53	0.12	1.9	0.99702	3.26	9.2	0.165	0.86	5
7.6	0.48	0.31	2.8	0.9969299999999999	3.22	10.3	0.07	0.55	6
7.3	0.49	0.1	2.6	0.9956200000000001	3.3	10.5	0.068	0.47	5
12.9	0.5	0.55	2.8	10.001.200.000.000.000	3.09	10.9	0.07200000000000001	0.68	6
10.8	0.45	0.33	2.5	0.99818	3.24	10.8	0.099	0.71	5
6.9	0.39	0.24	2.1	0.9946200000000001	3.44	11.4	0.102	0.58	4
12.6	0.41	0.54	2.8	0.99939	3.21	11.3	0.10300000000000001	0.76	6
10.8	0.45	0.33	2.5	0.99818	3.24	10.8	0.099	0.71	5
9.8	0.51	0.19	3.2	0.9984	3.23	10.5	0.081	0.58	6
10.8	0.29	0.42	1.6	0.99545	3.28	11.9	0.084	0.73	6
7.1	0.715	0.0	2.35	0.9963200000000001	3.29	9.4	0.071	0.45	5
9.1	0.66	0.15	3.2	0.99976	3.28	9.6	0.09699999999999999	0.54	5
7.0	0.685	0.0	1.9	0.9960600000000001	3.34	9.7	0.099	0.6	5
4.9	0.42	0.0	2.1	0.99154	3.71	14.0	0.048	0.74	7
6.7	0.54	0.13	2.0	0.9973	3.61	9.8	0.076	0.64	5
6.7	0.54	0.13	2.0	0.9973	3.61	9.8	0.076	0.64	5
7.1	0.48	0.28	2.8	0.99682	3.24	10.3	0.068	0.53	5
7.1	0.46	0.14	2.8	0.99624	3.36	10.7	0.076	0.49	5
7.5	0.27	0.34	2.3	0.9951	3.4	11.0	0.05	0.64	7
7.1	0.46	0.14	2.8	0.99624	3.36	10.7	0.076	0.49	5
7.8	0.57	0.09	2.3	0.9941700000000001	3.46	12.7	0.065	0.74	8
5.9	0.61	0.08	2.1	0.9937600000000001	3.56	11.1	0.071	0.77	6
7.5	0.685	0.07	2.5	0.9963200000000001	3.38	10.9	0.057999999999999996	0.55	4
5.9	0.61	0.08	2.1	0.9937600000000001	3.56	11.1	0.071	0.77	6
10.4	0.44	0.42	1.5	0.9983200000000001	3.38	9.9	0.145	0.86	3
11.6	0.47	0.44	1.6	0.99836	3.38	9.9	0.147	0.86	4
8.8	0.685	0.26	1.6	0.9969399999999999	3.32	9.4	0.08800000000000001	0.47	5
7.6	0.665	0.1	1.5	0.99655	3.39	9.3	0.066	0.51	5
6.7	0.28	0.28	2.4	0.99064	3.26	11.7	0.012	0.39	7
6.7	0.28	0.28	2.4	0.99064	3.26	11.7	0.012	0.39	7
10.1	0.31	0.35	1.6	0.99672	3.24	11.2	0.075	0.83	7
6.0	0.5	0.04	2.2	0.9964700000000001	3.46	10.0	0.092	0.47	5
11.1	0.42	0.47	2.65	0.99736	3.24	12.1	0.085	0.77	7
6.6	0.66	0.0	3.0	0.99629	3.45	10.3	0.115	0.63	5
10.6	0.5	0.45	2.6	0.99708	3.23	10.9	0.11900000000000001	0.72	6
7.1	0.685	0.35	2.0	0.9963	3.28	9.4	0.08800000000000001	0.62	5
9.9	0.25	0.46	1.7	0.9959	3.18	10.6	0.062	0.83	6
6.4	0.64	0.21	1.8	0.9968899999999999	3.59	9.8	0.081	0.66	5
6.4	0.64	0.21	1.8	0.9968899999999999	3.59	9.8	0.081	0.66	5
7.4	0.68	0.16	1.8	0.9977	3.5	9.9	0.078	0.7	6
6.4	0.64	0.21	1.8	0.9968899999999999	3.59	9.8	0.081	0.66	5
6.4	0.63	0.21	1.6	0.9968899999999999	3.58	9.8	0.08	0.66	5
9.3	0.43	0.44	1.9	0.99708	3.28	9.5	0.085	0.55	5
9.3	0.43	0.44	1.9	0.99708	3.28	9.5	0.085	0.55	5
8.0	0.42	0.32	2.5	0.9980100000000001	3.22	9.7	0.08	1.07	5
9.3	0.36	0.39	1.5	0.9965200000000001	3.47	10.9	0.08	0.73	6
9.3	0.36	0.39	1.5	0.9965200000000001	3.47	10.9	0.08	0.73	6
7.6	0.735	0.02	2.5	0.9953799999999999	3.51	11.7	0.071	0.71	7
9.3	0.36	0.39	1.5	0.9965200000000001	3.47	10.9	0.08	0.73	6
8.2	0.26	0.34	2.5	0.9959399999999999	3.4	11.3	0.073	0.78	7
11.7	0.28	0.47	1.7	0.9968600000000001	3.15	10.6	0.054000000000000006	0.67	7
6.8	0.56	0.22	1.8	0.9943799999999999	3.4	11.2	0.07400000000000001	0.82	6
7.2	0.62	0.06	2.7	0.99746	3.51	9.5	0.077	0.54	5
5.8	1.01	0.66	2.0	0.9935700000000001	3.66	11.5	0.039	0.6	6
7.5	0.42	0.32	2.7	0.9962799999999999	3.24	10.4	0.067	0.44	5
7.2	0.62	0.06	2.5	0.99746	3.51	9.7	0.078	0.53	5
7.2	0.62	0.06	2.7	0.99746	3.51	9.5	0.077	0.54	5
7.2	0.635	0.07	2.6	0.9974799999999999	3.51	9.7	0.077	0.54	5
6.8	0.49	0.22	2.3	0.9943799999999999	3.41	11.3	0.071	0.83	6
6.9	0.51	0.23	2.0	0.9943799999999999	3.4	11.2	0.07200000000000001	0.84	6
6.8	0.56	0.22	1.8	0.9943799999999999	3.4	11.2	0.07400000000000001	0.82	6
7.6	0.63	0.03	2.0	0.9957799999999999	3.44	10.9	0.08	0.64	6
7.7	0.715	0.01	2.1	0.99371	3.41	11.8	0.064	0.57	6
6.9	0.56	0.03	1.5	0.9952200000000001	3.53	10.6	0.086	0.57	5
7.3	0.35	0.24	2.0	0.9957600000000001	3.43	10.0	0.067	0.54	4
9.1	0.21	0.37	1.6	0.9955200000000001	3.23	11.1	0.067	0.58	7
10.4	0.38	0.46	2.1	0.99664	3.12	11.8	0.10400000000000001	0.65	7
8.8	0.31	0.4	2.8	0.9961399999999999	3.31	11.8	0.109	0.79	7
7.1	0.47	0.0	2.2	0.9951700000000001	3.4	10.9	0.067	0.58	4
7.7	0.715	0.01	2.1	0.99371	3.41	11.8	0.064	0.57	6
8.8	0.61	0.19	4.0	0.99787	3.22	10.0	0.094	0.5	6
7.2	0.6	0.04	2.5	0.99745	3.53	9.5	0.076	0.55	5
9.2	0.56	0.18	1.6	0.9957600000000001	3.15	9.9	0.078	0.49	5
7.6	0.715	0.0	2.1	0.9953299999999999	3.48	11.4	0.068	0.65	6
8.4	0.31	0.29	3.1	0.99536	3.22	12.0	0.19399999999999998	0.78	6
7.2	0.6	0.04	2.5	0.99745	3.53	9.5	0.076	0.55	5
8.8	0.61	0.19	4.0	0.99787	3.22	10.0	0.094	0.5	6
8.9	0.75	0.14	2.5	0.99824	3.34	10.5	0.086	0.64	5
9.0	0.8	0.12	2.4	0.99836	3.33	10.4	0.083	0.65	6
10.7	0.52	0.38	2.6	0.99577	3.15	12.1	0.066	0.79	7
6.8	0.57	0.0	2.5	0.9949100000000001	3.43	11.2	0.07200000000000001	0.56	6
10.7	0.9	0.34	6.6	100.289	3.22	9.3	0.11199999999999999	0.68	5
7.2	0.34	0.24	2.0	0.9957600000000001	3.44	10.1	0.071	0.58	5
7.2	0.66	0.03	2.3	0.9974299999999999	3.53	9.7	0.078	0.57	5
10.1	0.45	0.23	1.9	0.99774	3.22	9.3	0.08199999999999999	0.65	6
7.2	0.66	0.03	2.3	0.9974299999999999	3.53	9.7	0.078	0.57	5
7.2	0.63	0.03	2.2	0.99745	3.53	9.8	0.08	0.58	6
7.1	0.59	0.01	2.3	0.9955	3.42	10.7	0.08	0.58	6
8.3	0.31	0.39	2.4	0.99444	3.31	12.5	0.078	0.77	7
7.1	0.59	0.01	2.3	0.9955	3.42	10.7	0.08	0.58	6
8.3	0.31	0.39	2.4	0.99444	3.31	12.5	0.078	0.77	7
8.3	1.02	0.02	3.4	0.99892	3.48	11.0	0.084	0.49	3
8.9	0.31	0.36	2.6	0.9956200000000001	3.4	11.8	0.055999999999999994	0.69	5
7.4	0.635	0.1	2.4	0.99736	3.58	10.8	0.08	0.69	7
7.4	0.635	0.1	2.4	0.99736	3.58	10.8	0.08	0.69	7
6.8	0.59	0.06	6.0	0.9962	3.41	10.8	0.06	0.59	7
6.8	0.59	0.06	6.0	0.9962	3.41	10.8	0.06	0.59	7
9.2	0.58	0.2	3.0	0.998	3.23	9.5	0.081	0.59	5
7.2	0.54	0.27	2.6	0.9964	3.39	11.0	0.084	0.71	5
6.1	0.56	0.0	2.2	0.9948	3.59	11.5	0.079	0.54	6
7.4	0.52	0.13	2.4	0.9952799999999999	3.43	10.8	0.078	0.59	6
7.3	0.305	0.39	1.2	0.99331	3.29	11.5	0.059000000000000004	0.52	6
9.3	0.38	0.48	3.8	0.99577	3.23	13.2	0.132	0.57	6
9.1	0.28	0.46	9.0	0.9990100000000001	3.18	10.9	0.114	0.6	6
10.0	0.46	0.44	2.9	0.99674	3.33	12.2	0.065	0.62	6
9.4	0.395	0.46	4.6	0.99639	3.27	12.2	0.094	0.64	7
7.3	0.305	0.39	1.2	0.99331	3.29	11.5	0.059000000000000004	0.52	6
8.6	0.315	0.4	2.2	0.9951200000000001	3.27	11.9	0.079	0.67	6
5.3	0.715	0.19	1.5	0.99395	3.62	11.0	0.161	0.61	5
6.8	0.41	0.31	8.8	0.99824	3.38	10.1	0.084	0.64	6
8.4	0.36	0.32	2.2	0.9964	3.3	11.0	0.081	0.72	6
8.4	0.62	0.12	1.8	0.9950399999999999	3.38	11.8	0.07200000000000001	0.89	6
9.6	0.41	0.37	2.3	0.9978600000000001	3.24	10.5	0.091	0.56	5
8.4	0.36	0.32	2.2	0.9964	3.3	11.0	0.081	0.72	6
8.4	0.62	0.12	1.8	0.9950399999999999	3.38	11.8	0.07200000000000001	0.89	6
6.8	0.41	0.31	8.8	0.99824	3.38	10.1	0.084	0.64	6
8.6	0.47	0.27	2.3	0.99516	3.18	11.2	0.055	0.8	5
8.6	0.22	0.36	1.9	0.9960399999999999	3.47	11.0	0.064	0.87	7
9.4	0.24	0.33	2.3	0.9978600000000001	3.47	10.2	0.061	0.9	6
8.4	0.67	0.19	2.2	0.99736	3.2	9.2	0.09300000000000001	0.59	4
8.6	0.47	0.27	2.3	0.99516	3.18	11.2	0.055	0.8	5
8.7	0.33	0.38	3.3	0.9946799999999999	3.3	12.0	0.063	0.73	7
6.6	0.61	0.01	1.9	0.99746	3.69	10.5	0.08	0.73	5
7.4	0.61	0.01	2.0	0.9974799999999999	3.48	9.8	0.07400000000000001	0.65	5
7.6	0.4	0.29	1.9	0.9971	3.45	9.5	0.078	0.59	6
7.4	0.61	0.01	2.0	0.9974799999999999	3.48	9.8	0.07400000000000001	0.65	5
6.6	0.61	0.01	1.9	0.99746	3.69	10.5	0.08	0.73	5
8.8	0.3	0.38	2.3	0.9954299999999999	3.39	11.8	0.06	0.72	6
8.8	0.3	0.38	2.3	0.9954299999999999	3.39	11.8	0.06	0.72	6
12.0	0.63	0.5	1.4	0.9979100000000001	3.07	10.4	0.071	0.6	4
7.2	0.38	0.38	2.8	0.99356	3.34	12.9	0.068	0.72	7
6.2	0.46	0.17	1.6	0.99425	3.61	11.4	0.073	0.54	5
9.6	0.33	0.52	2.2	0.9950899999999999	3.36	12.4	0.07400000000000001	0.76	7
9.9	0.27	0.49	5.0	0.99484	3.19	12.5	0.08199999999999999	0.52	7
10.1	0.43	0.4	2.6	0.99834	3.22	10.0	0.092	0.64	7
9.8	0.5	0.34	2.3	0.99864	3.24	9.7	0.094	0.6	7
8.3	0.3	0.49	3.8	0.99498	3.27	12.1	0.09	0.64	7
10.2	0.44	0.42	2.0	0.99566	3.14	11.1	0.071	0.79	7
10.2	0.44	0.58	4.1	0.99745	3.29	12.0	0.092	0.99	7
8.3	0.28	0.48	2.1	0.99408	3.26	12.4	0.09300000000000001	0.62	7
8.9	0.12	0.45	1.8	0.9955200000000001	3.41	11.9	0.075	0.76	7
8.9	0.12	0.45	1.8	0.9955200000000001	3.41	11.9	0.075	0.76	7
8.9	0.12	0.45	1.8	0.9955200000000001	3.41	11.9	0.075	0.76	7
8.3	0.28	0.48	2.1	0.99408	3.26	12.4	0.09300000000000001	0.62	7
8.2	0.31	0.4	2.2	0.99536	3.31	11.2	0.057999999999999996	0.68	7
10.2	0.34	0.48	2.1	0.9945799999999999	3.2	12.1	0.052000000000000005	0.69	7
7.6	0.43	0.4	2.7	0.9953799999999999	3.44	12.2	0.08199999999999999	0.54	6
8.5	0.21	0.52	1.9	0.9964799999999999	3.36	10.4	0.09	0.67	5
9.0	0.36	0.52	2.1	0.9956799999999999	3.31	11.3	0.111	0.62	6
9.5	0.37	0.52	2.0	0.99613	3.29	11.1	0.08800000000000001	0.58	6
6.4	0.57	0.12	2.3	0.99519	3.47	11.3	0.12	0.71	7
8.0	0.59	0.05	2.0	0.99735	3.36	10.0	0.08900000000000001	0.61	5
8.5	0.47	0.27	1.9	0.99518	3.16	11.1	0.057999999999999996	0.85	6
7.1	0.56	0.14	1.6	0.99592	3.27	9.3	0.078	0.62	5
6.6	0.57	0.02	2.1	0.99654	3.38	9.5	0.115	0.69	5
8.8	0.27	0.39	2.0	0.99546	3.15	11.2	0.1	0.69	6
8.5	0.47	0.27	1.9	0.99518	3.16	11.1	0.057999999999999996	0.85	6
8.3	0.34	0.4	2.4	0.99554	3.34	11.0	0.065	0.86	6
9.0	0.38	0.41	2.4	0.9960399999999999	3.13	11.9	0.10300000000000001	0.58	7
8.5	0.66	0.2	2.1	0.9973299999999999	3.13	9.2	0.09699999999999999	0.48	5
9.0	0.4	0.43	2.4	0.9943	3.2	12.2	0.068	0.6	6
6.7	0.56	0.09	2.9	0.99669	3.46	10.2	0.079	0.61	5
10.4	0.26	0.48	1.9	0.99724	3.33	10.9	0.066	0.87	6
10.4	0.26	0.48	1.9	0.99724	3.33	10.9	0.066	0.87	6
10.1	0.38	0.5	2.4	0.9964299999999999	3.22	11.6	0.10400000000000001	0.65	7
8.5	0.34	0.44	1.7	0.99605	3.52	10.7	0.079	0.63	5
8.8	0.33	0.41	5.9	0.9965799999999999	3.3	12.1	0.073	0.62	7
7.2	0.41	0.3	2.1	0.997	3.44	9.4	0.083	0.52	5
7.2	0.41	0.3	2.1	0.997	3.44	9.4	0.083	0.52	5
8.4	0.59	0.29	2.6	0.9980100000000001	3.15	9.1	0.109	0.5	5
7.0	0.4	0.32	3.6	0.99416	3.28	11.3	0.061	0.49	7
12.2	0.45	0.49	1.4	0.9969	3.13	10.4	0.075	0.63	5
9.1	0.5	0.3	1.9	0.99774	3.32	10.5	0.065	0.71	6
9.5	0.86	0.26	1.9	0.9971200000000001	3.25	10.0	0.079	0.62	5
7.3	0.52	0.32	2.1	0.99418	3.34	12.9	0.07	0.82	6
9.1	0.5	0.3	1.9	0.99774	3.32	10.5	0.065	0.71	6
12.2	0.45	0.49	1.4	0.9969	3.13	10.4	0.075	0.63	5
7.4	0.58	0.0	2.0	0.9956200000000001	3.45	11.3	0.064	0.58	6
9.8	0.34	0.39	1.4	0.9947	3.19	11.4	0.066	0.55	7
7.1	0.36	0.3	1.6	0.9969299999999999	3.44	9.4	0.08	0.5	5
7.7	0.39	0.12	1.7	0.9959600000000001	3.16	9.4	0.09699999999999999	0.49	5
9.7	0.295	0.4	1.5	0.99556	3.14	10.9	0.073	0.51	6
7.7	0.39	0.12	1.7	0.9959600000000001	3.16	9.4	0.09699999999999999	0.49	5
7.1	0.34	0.28	2.0	0.9969399999999999	3.45	9.4	0.08199999999999999	0.48	5
6.5	0.4	0.1	2.0	0.99554	3.36	9.4	0.076	0.48	6
7.1	0.34	0.28	2.0	0.9969399999999999	3.45	9.4	0.08199999999999999	0.48	5
10.0	0.35	0.45	2.5	0.99918	3.15	9.4	0.092	0.43	5
7.7	0.6	0.06	2.0	0.99697	3.39	10.1	0.079	0.62	6
5.6	0.66	0.0	2.2	0.9937799999999999	3.71	12.8	0.087	0.63	7
5.6	0.66	0.0	2.2	0.9937799999999999	3.71	12.8	0.087	0.63	7
8.9	0.84	0.34	1.4	0.99554	3.12	9.1	0.05	0.48	6
6.4	0.69	0.0	1.65	0.9916200000000001	3.47	12.9	0.055	0.53	6
7.5	0.43	0.3	2.2	0.99495	3.44	11.5	0.062	0.72	7
9.9	0.35	0.38	1.5	0.9967600000000001	3.26	10.6	0.057999999999999996	0.82	7
9.1	0.29	0.33	2.05	0.99516	3.26	11.7	0.063	0.84	7
6.8	0.36	0.32	1.8	0.9928	3.36	12.8	0.067	0.55	7
8.2	0.43	0.29	1.6	0.99603	3.25	10.3	0.081	0.54	5
6.8	0.36	0.32	1.8	0.9928	3.36	12.8	0.067	0.55	7
9.1	0.29	0.33	2.05	0.99516	3.26	11.7	0.063	0.84	7
9.1	0.3	0.34	2.0	0.99516	3.26	11.7	0.064	0.84	7
8.9	0.35	0.4	3.6	0.99549	3.23	12.0	0.11	0.7	7
9.6	0.5	0.36	2.8	0.9972200000000001	3.18	10.9	0.11599999999999999	0.68	5
8.9	0.28	0.45	1.7	0.99354	3.25	12.3	0.067	0.55	7
8.9	0.32	0.31	2.0	0.9957	3.17	10.4	0.08800000000000001	0.55	6
7.7	1.005	0.15	2.1	0.9960399999999999	3.23	10.0	0.102	0.48	5
7.5	0.71	0.0	1.6	0.99635	3.38	10.0	0.092	0.58	6
8.0	0.58	0.16	2.0	0.99454	3.22	11.2	0.12	0.58	6
10.5	0.39	0.46	2.2	0.99598	3.06	11.4	0.075	0.84	6
8.9	0.38	0.4	2.2	0.9948600000000001	3.27	12.6	0.068	0.75	7
8.0	0.18	0.37	0.9	0.9900700000000001	2.89	12.7	0.049	0.44	6
8.0	0.18	0.37	0.9	0.9900700000000001	2.89	12.7	0.049	0.44	6
7.0	0.5	0.14	1.8	0.99636	3.53	10.4	0.078	0.61	5
11.3	0.36	0.66	2.4	0.9964200000000001	3.2	11.9	0.12300000000000001	0.53	6
11.3	0.36	0.66	2.4	0.9964200000000001	3.2	11.9	0.12300000000000001	0.53	6
7.0	0.51	0.09	2.1	0.99584	3.35	10.5	0.062	0.54	5
8.2	0.32	0.42	2.3	0.9950600000000001	3.27	12.3	0.098	0.55	6
7.7	0.58	0.01	1.8	0.9956799999999999	3.32	10.5	0.08800000000000001	0.56	7
8.6	0.83	0.0	2.8	0.9982200000000001	3.33	10.4	0.095	0.6	6
7.9	0.31	0.32	1.9	0.99364	3.41	12.6	0.066	0.56	6
6.4	0.795	0.0	2.2	0.9937799999999999	3.49	11.6	0.065	0.52	5
7.2	0.34	0.21	2.5	0.9958600000000001	3.37	10.1	0.075	0.54	6
7.7	0.58	0.01	1.8	0.9956799999999999	3.32	10.5	0.08800000000000001	0.56	7
7.1	0.59	0.0	2.1	0.9948799999999999	3.42	11.5	0.091	0.55	7
7.3	0.55	0.01	1.8	0.9951399999999999	3.35	11.0	0.09300000000000001	0.58	7
8.1	0.82	0.0	4.1	0.99854	3.36	9.6	0.095	0.53	5
7.5	0.57	0.08	2.6	0.99592	3.3	10.4	0.08900000000000001	0.59	6
8.9	0.745	0.18	2.5	0.99739	3.2	9.7	0.077	0.47	6
10.1	0.37	0.34	2.4	0.9968299999999999	3.17	10.6	0.085	0.65	7
7.6	0.31	0.34	2.5	0.99356	3.22	12.5	0.08199999999999999	0.59	7
7.3	0.91	0.1	1.8	0.99672	3.35	9.2	0.07400000000000001	0.56	5
8.7	0.41	0.41	6.2	0.9953	3.24	12.6	0.078	0.77	7
8.9	0.5	0.21	2.2	0.99692	3.33	11.1	0.08800000000000001	0.83	6
7.4	0.965	0.0	2.2	0.99756	3.58	10.2	0.08800000000000001	0.67	5
6.9	0.49	0.19	1.7	0.9954700000000001	3.38	9.8	0.079	0.64	6
8.9	0.5	0.21	2.2	0.99692	3.33	11.1	0.08800000000000001	0.83	6
9.5	0.39	0.41	8.9	0.99859	3.29	10.9	0.069	0.81	7
6.4	0.39	0.33	3.3	0.9929399999999999	3.36	12.2	0.046	0.62	6
6.9	0.44	0.0	1.4	0.9943799999999999	3.32	11.4	0.07	0.58	6
7.6	0.78	0.0	1.7	0.9961200000000001	3.31	10.7	0.076	0.62	6
7.1	0.43	0.17	1.8	0.99634	3.49	10.4	0.08199999999999999	0.64	5
9.3	0.49	0.36	1.7	0.99702	3.27	10.9	0.081	0.78	6
9.3	0.5	0.36	1.8	0.9970399999999999	3.27	10.8	0.084	0.77	6
7.1	0.43	0.17	1.8	0.99634	3.49	10.4	0.08199999999999999	0.64	5
8.5	0.46	0.59	1.4	0.99702	3.03	9.2	0.414	1.34	5
5.6	0.605	0.05	2.4	0.9925799999999999	3.56	12.9	0.073	0.55	5
8.3	0.33	0.42	2.3	0.99426	3.38	12.7	0.07	0.77	7
8.2	0.64	0.27	2.0	0.9974700000000001	3.13	9.1	0.095	0.62	6
8.2	0.64	0.27	2.0	0.9974700000000001	3.13	9.1	0.095	0.62	6
8.9	0.48	0.53	4.0	0.9958600000000001	3.21	12.1	0.10099999999999999	0.59	7
7.6	0.42	0.25	3.9	0.99784	3.15	9.1	0.10400000000000001	0.57	5
9.9	0.53	0.57	2.4	0.9971	3.19	11.6	0.09300000000000001	0.76	7
8.9	0.48	0.53	4.0	0.9958600000000001	3.21	12.1	0.10099999999999999	0.59	7
11.6	0.23	0.57	1.8	0.9981	3.14	9.9	0.07400000000000001	0.7	6
9.1	0.4	0.5	1.8	0.9946200000000001	3.21	12.5	0.071	0.69	8
8.0	0.38	0.44	1.9	0.9956	3.3	11.4	0.098	0.64	6
10.2	0.29	0.65	2.4	0.99565	3.22	11.8	0.075	0.63	6
8.2	0.74	0.09	2.0	0.99418	3.28	11.8	0.067	0.57	6
7.7	0.61	0.18	2.4	0.9963	3.29	10.2	0.083	0.6	6
6.6	0.52	0.08	2.4	0.9935799999999999	3.4	12.5	0.07	0.72	7
11.1	0.31	0.53	2.2	0.99572	3.02	10.9	0.06	0.83	7
11.1	0.31	0.53	2.2	0.99572	3.02	10.9	0.06	0.83	7
8.0	0.62	0.35	2.8	0.997	3.31	10.8	0.086	0.62	5
9.3	0.33	0.45	1.5	0.99498	3.18	11.1	0.057	0.89	7
7.5	0.77	0.2	8.1	0.99892	3.2	9.2	0.098	0.58	5
7.2	0.35	0.26	1.8	0.9968	3.4	9.5	0.083	0.58	6
8.0	0.62	0.33	2.7	0.9972	3.31	10.7	0.08800000000000001	0.58	6
7.5	0.77	0.2	8.1	0.99892	3.2	9.2	0.098	0.58	5
9.1	0.25	0.34	2.0	0.99769	3.44	10.2	0.071	0.86	7
9.9	0.32	0.56	2.0	0.99534	3.15	11.4	0.073	0.73	6
8.6	0.37	0.65	6.4	0.9981700000000001	3.27	11.0	0.08	0.58	5
8.6	0.37	0.65	6.4	0.9981700000000001	3.27	11.0	0.08	0.58	5
7.9	0.3	0.68	8.3	0.99316	3.01	12.3	0.05	0.51	7
10.3	0.27	0.56	1.4	0.99471	3.16	11.8	0.047	0.51	6
7.9	0.3	0.68	8.3	0.99316	3.01	12.3	0.05	0.51	7
7.2	0.38	0.3	1.8	0.99685	3.42	9.5	0.073	0.59	6
8.7	0.42	0.45	2.4	0.9961700000000001	3.33	12.0	0.07200000000000001	0.77	6
7.2	0.38	0.3	1.8	0.99685	3.42	9.5	0.073	0.59	6
6.8	0.48	0.08	1.8	0.99529	3.12	9.6	0.07400000000000001	0.49	5
8.5	0.34	0.4	4.7	0.9973799999999999	3.38	11.6	0.055	0.66	7
7.9	0.19	0.42	1.6	0.9940000000000001	3.29	11.2	0.057	0.69	6
11.6	0.41	0.54	1.5	0.99735	3.02	9.9	0.095	0.76	7
11.6	0.41	0.54	1.5	0.99735	3.02	9.9	0.095	0.76	7
10.0	0.26	0.54	1.9	0.99451	2.98	11.8	0.083	0.63	8
7.9	0.34	0.42	2.0	0.99546	3.35	11.4	0.086	0.6	6
7.0	0.54	0.09	2.0	0.99479	3.43	11.5	0.081	0.59	6
9.2	0.31	0.36	2.2	0.99615	3.33	12.0	0.079	0.86	7
6.6	0.725	0.09	5.5	0.99655	3.35	10.8	0.11699999999999999	0.49	6
9.4	0.4	0.47	2.5	0.99772	3.15	10.5	0.087	0.5	5
6.6	0.725	0.09	5.5	0.99655	3.35	10.8	0.11699999999999999	0.49	6
8.6	0.52	0.38	1.5	0.99666	3.2	9.4	0.096	0.52	5
8.0	0.31	0.45	2.1	0.9935799999999999	3.15	12.5	0.21600000000000003	0.81	7
8.6	0.52	0.38	1.5	0.99666	3.2	9.4	0.096	0.52	5
8.4	0.34	0.42	2.1	0.99392	3.11	12.4	0.07200000000000001	0.78	6
7.4	0.49	0.27	2.1	0.9938799999999999	3.35	12.0	0.071	0.63	6
6.1	0.48	0.09	1.7	0.9940200000000001	3.45	11.2	0.078	0.54	6
7.4	0.49	0.27	2.1	0.9938799999999999	3.35	12.0	0.071	0.63	6
8.0	0.48	0.34	2.2	0.9936	3.28	12.4	0.073	0.66	6
6.3	0.57	0.28	2.1	0.99374	3.41	12.8	0.048	0.6	5
8.2	0.23	0.42	1.9	0.9937600000000001	3.21	12.3	0.069	0.54	6
9.1	0.3	0.41	2.0	0.99523	3.27	11.7	0.068	0.85	7
8.1	0.78	0.1	3.3	0.99855	3.36	9.5	0.09	0.49	5
10.8	0.47	0.43	2.1	0.9982	3.17	10.8	0.171	0.76	6
8.3	0.53	0.0	1.4	0.99593	3.25	10.0	0.07	0.64	6
5.4	0.42	0.27	2.0	0.99471	3.78	12.3	0.092	0.64	7
7.9	0.33	0.41	1.5	0.9939600000000001	3.29	11.0	0.055999999999999994	0.71	6
8.9	0.24	0.39	1.6	0.99698	3.12	9.5	0.07400000000000001	0.59	6
5.0	0.4	0.5	4.3	0.9902	3.49	13.6	0.046	0.66	6
7.0	0.69	0.07	2.5	0.99572	3.38	11.3	0.091	0.6	6
7.0	0.69	0.07	2.5	0.99572	3.38	11.3	0.091	0.6	6
7.0	0.69	0.07	2.5	0.99572	3.38	11.3	0.091	0.6	6
7.1	0.39	0.12	2.1	0.9925200000000001	3.3	13.3	0.065	0.53	6
5.6	0.66	0.0	2.5	0.99256	3.52	12.9	0.066	0.58	5
7.9	0.54	0.34	2.5	0.99235	3.2	13.1	0.076	0.72	8
6.6	0.5	0.0	1.8	0.9935200000000001	3.44	12.3	0.062	0.55	6
6.3	0.47	0.0	1.4	0.9922	3.45	12.3	0.055	0.48	6
10.7	0.4	0.37	1.9	0.99674	3.12	11.2	0.081	0.65	6
6.5	0.58	0.0	2.2	0.9955700000000001	3.62	11.5	0.096	0.62	4
8.8	0.24	0.35	1.7	0.9939399999999999	3.14	11.3	0.055	0.59	7
5.8	0.29	0.26	1.7	0.9915	3.39	13.5	0.063	0.54	6
6.3	0.76	0.0	2.9	0.99379	3.51	11.5	0.07200000000000001	0.6	6
10.0	0.43	0.33	2.7	0.9984	3.22	10.0	0.095	0.68	5
10.5	0.43	0.35	3.3	0.99798	3.21	10.5	0.092	0.69	6
9.1	0.6	0.0	1.9	0.9977	3.18	10.4	0.057999999999999996	0.63	6
5.9	0.19	0.21	1.7	0.99341	3.32	9.5	0.045	0.44	5
7.4	0.36	0.34	1.8	0.9933	3.38	13.6	0.075	0.88	7
7.2	0.48	0.07	5.5	0.99684	3.37	11.2	0.08900000000000001	0.68	7
8.5	0.28	0.35	1.7	0.99524	3.3	11.8	0.061	0.74	7
8.0	0.25	0.43	1.7	0.9946	3.38	11.9	0.067	0.6	6
10.4	0.52	0.45	2.0	0.99774	3.22	11.4	0.08	0.76	6
10.4	0.52	0.45	2.0	0.99774	3.22	11.4	0.08	0.76	6
7.5	0.41	0.15	3.7	0.9978600000000001	3.14	9.1	0.10400000000000001	0.58	5
8.2	0.51	0.24	2.0	0.99764	3.34	9.5	0.079	0.64	6
7.3	0.4	0.3	1.7	0.9969	3.41	9.5	0.08	0.65	6
8.2	0.38	0.32	2.5	0.99624	3.27	11.0	0.08	0.85	6
6.9	0.45	0.11	2.4	0.99354	3.3	11.4	0.043	0.65	6
7.0	0.22	0.3	1.8	0.99672	3.61	10.0	0.065	0.82	6
7.3	0.32	0.23	2.3	0.9958799999999999	3.43	10.1	0.066	0.62	5
8.2	0.2	0.43	2.5	0.99672	3.53	10.4	0.076	0.81	6
7.8	0.5	0.12	1.8	0.996	3.28	9.8	0.17800000000000002	0.87	6
10.0	0.41	0.45	6.2	0.99702	3.21	11.8	0.071	0.49	7
7.8	0.39	0.42	2.0	0.99526	3.39	11.6	0.086	0.66	6
10.0	0.35	0.47	2.0	0.99585	3.23	12.0	0.061	0.52	6
8.2	0.33	0.32	2.8	0.9947299999999999	3.3	12.8	0.067	0.76	7
6.1	0.58	0.23	2.5	0.9935200000000001	3.46	12.5	0.044000000000000004	0.65	6
8.3	0.6	0.25	2.2	0.99616	3.15	9.8	0.11800000000000001	0.53	5
9.6	0.42	0.35	2.1	0.9962200000000001	3.23	11.1	0.083	0.66	6
6.6	0.58	0.0	2.2	0.99544	3.59	11.4	0.1	0.68	6
8.3	0.6	0.25	2.2	0.99616	3.15	9.8	0.11800000000000001	0.53	5
8.5	0.18	0.51	1.75	0.99524	3.33	11.8	0.071	0.76	7
5.1	0.51	0.18	2.1	0.9924	3.46	12.9	0.042	0.87	7
6.7	0.41	0.43	2.8	0.99572	3.42	10.6	0.076	1.16	6
10.2	0.41	0.43	2.2	0.9972799999999999	3.16	10.8	0.11	0.67	5
10.6	0.36	0.57	2.3	0.9967600000000001	3.14	11.1	0.087	0.72	7
8.8	0.45	0.43	1.4	0.99551	3.21	10.2	0.076	0.75	6
8.5	0.32	0.42	2.3	0.99434	3.14	11.8	0.075	0.71	7
9.0	0.785	0.24	1.7	0.99692	3.29	10.0	0.078	0.67	5
9.0	0.785	0.24	1.7	0.99692	3.29	10.0	0.078	0.67	5
8.5	0.44	0.5	1.9	0.99634	3.01	9.4	0.369	1.1	5
9.9	0.54	0.26	2.0	0.9970899999999999	2.94	10.2	0.111	0.98	5
8.2	0.33	0.39	2.5	0.9952799999999999	3.32	12.4	0.07400000000000001	0.88	7
6.5	0.34	0.27	2.8	0.99384	3.21	12.0	0.067	0.56	6
7.6	0.5	0.29	2.3	0.9950200000000001	3.32	11.5	0.086	0.62	6
9.2	0.36	0.34	1.6	0.9966700000000001	3.2	10.5	0.062	0.67	6
7.1	0.59	0.0	2.2	0.9952200000000001	3.42	10.8	0.078	0.68	6
9.7	0.42	0.46	2.1	0.99649	3.27	12.3	0.07400000000000001	0.74	6
7.6	0.36	0.31	1.7	0.99716	3.46	9.5	0.079	0.62	6
7.6	0.36	0.31	1.7	0.99716	3.46	9.5	0.079	0.62	6
6.5	0.61	0.0	2.2	0.99541	3.61	11.5	0.095	0.7	6
6.5	0.88	0.03	5.6	0.99572	3.58	11.2	0.079	0.5	4
7.1	0.66	0.0	2.4	0.99318	3.35	12.7	0.052000000000000005	0.66	7
5.6	0.915	0.0	2.1	0.99346	3.68	11.4	0.040999999999999995	0.73	5
8.2	0.35	0.33	2.4	0.9959899999999999	3.27	11.0	0.076	0.81	6
8.2	0.35	0.33	2.4	0.9959899999999999	3.27	11.0	0.076	0.81	6
9.8	0.39	0.43	1.65	0.9947799999999999	3.19	11.4	0.068	0.46	5
10.2	0.4	0.4	2.5	0.99754	3.38	10.5	0.068	0.86	6
6.8	0.66	0.07	1.6	0.99572	3.29	9.3	0.07	0.6	5
6.7	0.64	0.23	2.1	0.9953799999999999	3.36	10.9	0.08	0.7	5
7.0	0.43	0.3	2.0	0.99346	3.33	11.9	0.085	0.46	6
6.6	0.8	0.03	7.8	0.9963	3.52	12.2	0.079	0.5	5
7.0	0.43	0.3	2.0	0.99346	3.33	11.9	0.085	0.46	6
6.7	0.64	0.23	2.1	0.9953799999999999	3.36	10.9	0.08	0.7	5
8.8	0.955	0.05	1.8	0.99616	3.3	9.6	0.075	0.44	4
9.1	0.4	0.57	4.6	0.9965200000000001	3.28	12.5	0.08	0.57	6
6.5	0.885	0.0	2.3	0.99551	3.56	10.8	0.166	0.51	5
7.2	0.25	0.37	2.5	0.99439	3.52	12.4	0.063	0.8	7
6.4	0.885	0.0	2.3	0.99551	3.56	10.8	0.166	0.51	5
7.0	0.745	0.12	1.8	0.9958799999999999	3.22	9.5	0.114	0.59	6
6.2	0.43	0.22	1.8	0.9963299999999999	3.52	9.5	0.078	0.6	6
7.9	0.58	0.23	2.3	0.9968600000000001	3.21	9.5	0.076	0.58	6
7.7	0.57	0.21	1.5	0.9945799999999999	3.16	9.8	0.069	0.54	6
7.7	0.26	0.26	2.0	0.9951	3.15	10.9	0.052000000000000005	0.79	6
7.9	0.58	0.23	2.3	0.9968600000000001	3.21	9.5	0.076	0.58	6
7.7	0.57	0.21	1.5	0.9945799999999999	3.16	9.8	0.069	0.54	6
7.9	0.34	0.36	1.9	0.99419	3.27	11.2	0.065	0.54	7
8.6	0.42	0.39	1.8	0.99516	3.35	11.7	0.068	0.69	8
9.9	0.74	0.19	5.8	0.9987799999999999	3.14	9.4	0.111	0.55	5
7.2	0.36	0.46	2.1	0.99534	3.4	11.0	0.07400000000000001	0.85	7
7.2	0.36	0.46	2.1	0.99534	3.4	11.0	0.07400000000000001	0.85	7
7.2	0.36	0.46	2.1	0.99534	3.4	11.0	0.07400000000000001	0.85	7
9.9	0.72	0.55	1.7	0.9975200000000001	3.35	10.0	0.136	0.94	5
7.2	0.36	0.46	2.1	0.99534	3.4	11.0	0.07400000000000001	0.85	7
6.2	0.39	0.43	2.0	0.9942799999999999	3.45	11.2	0.071	0.87	7
6.8	0.65	0.02	2.1	0.99498	3.35	10.4	0.078	0.62	6
6.6	0.44	0.15	2.1	0.9957	3.32	9.3	0.076	0.62	5
6.8	0.65	0.02	2.1	0.99498	3.35	10.4	0.078	0.62	6
9.6	0.38	0.42	1.9	0.99659	3.15	10.5	0.071	0.75	6
10.2	0.33	0.46	1.9	0.9962799999999999	3.1	10.4	0.081	0.48	6
8.8	0.27	0.46	2.1	0.9948799999999999	3.26	11.3	0.095	0.56	6
7.9	0.57	0.31	2.0	0.99677	3.29	9.5	0.079	0.69	6
8.2	0.34	0.37	1.9	0.99408	3.23	12.0	0.057	0.81	6
8.2	0.4	0.31	1.9	0.996	3.24	10.6	0.08199999999999999	0.69	6
9.0	0.39	0.4	1.3	0.9947799999999999	3.2	10.9	0.044000000000000004	0.83	6
10.9	0.32	0.52	1.8	0.99734	3.28	11.5	0.132	0.77	6
10.9	0.32	0.52	1.8	0.99734	3.28	11.5	0.132	0.77	6
8.1	0.53	0.22	2.2	0.9967799999999999	3.26	9.6	0.078	0.46	6
10.5	0.36	0.47	2.2	0.9963799999999999	3.23	12.0	0.07400000000000001	0.76	6
12.6	0.39	0.49	2.5	0.9992	3.07	10.3	0.08	0.82	6
9.2	0.46	0.23	2.6	0.9992200000000001	3.15	9.4	0.091	0.51	5
7.5	0.58	0.03	4.1	0.99592	3.02	9.2	0.08	0.47	5
9.0	0.58	0.25	2.0	0.99769	3.27	9.6	0.10400000000000001	0.72	5
5.1	0.42	0.0	1.8	0.9915700000000001	3.68	13.6	0.044000000000000004	0.73	7
7.6	0.43	0.29	2.1	0.99718	3.4	9.5	0.075	0.64	5
7.7	0.18	0.34	2.7	0.9947	3.37	11.8	0.066	0.78	6
7.8	0.815	0.01	2.6	0.99621	3.38	10.8	0.07400000000000001	0.62	5
7.6	0.43	0.29	2.1	0.99718	3.4	9.5	0.075	0.64	5
10.2	0.23	0.37	2.2	0.9961399999999999	3.23	9.3	0.057	0.49	4
7.1	0.75	0.01	2.2	0.9924200000000001	3.39	12.8	0.059000000000000004	0.4	6
6.0	0.33	0.32	12.9	0.99572	3.3	11.5	0.054000000000000006	0.56	4
7.8	0.55	0.0	1.7	0.99659	3.26	9.4	0.07	0.64	6
7.1	0.75	0.01	2.2	0.9924200000000001	3.39	12.8	0.059000000000000004	0.4	6
8.1	0.73	0.0	2.5	0.99798	3.38	9.6	0.081	0.46	4
6.5	0.67	0.0	4.3	0.9948799999999999	3.45	11.8	0.057	0.56	4
7.5	0.61	0.2	1.7	0.9949399999999999	3.1	9.3	0.076	0.4	5
9.8	0.37	0.39	2.5	0.99729	3.16	9.8	0.079	0.59	5
9.0	0.4	0.41	2.0	0.9941399999999999	3.22	12.2	0.057999999999999996	0.6	6
8.3	0.56	0.22	2.4	0.9983	3.37	9.5	0.08199999999999999	0.62	5
5.9	0.29	0.25	13.4	0.99721	3.33	10.3	0.067	0.54	6
7.4	0.55	0.19	1.8	0.99655	3.49	10.5	0.08199999999999999	0.68	5
7.4	0.74	0.07	1.7	0.9950200000000001	3.12	10.0	0.086	0.48	5
7.4	0.55	0.19	1.8	0.99655	3.49	10.5	0.08199999999999999	0.68	5
6.9	0.41	0.33	2.2	0.9949	3.41	11.1	0.081	0.75	6
7.1	0.6	0.01	2.3	0.9951399999999999	3.4	10.9	0.079	0.61	6
7.1	0.6	0.01	2.3	0.9951399999999999	3.4	10.9	0.079	0.61	6
7.5	0.58	0.14	2.2	0.9963	3.28	9.8	0.077	0.59	5
7.1	0.72	0.0	1.8	0.9962700000000001	3.45	9.8	0.12300000000000001	0.58	5
7.9	0.66	0.0	1.4	0.99569	3.43	9.5	0.096	0.58	5
7.8	0.7	0.06	1.9	0.9962799999999999	3.4	10.9	0.079	0.69	5
6.1	0.64	0.02	2.4	0.9935799999999999	3.47	11.0	0.069	0.45	5
7.5	0.59	0.22	1.8	0.9949899999999999	3.1	9.2	0.08199999999999999	0.42	5
7.0	0.58	0.28	4.8	0.9963299999999999	3.32	11.0	0.085	0.7	6
6.8	0.64	0.0	2.7	0.9953799999999999	3.44	11.3	0.12300000000000001	0.63	6
6.8	0.64	0.0	2.7	0.9953799999999999	3.44	11.3	0.12300000000000001	0.63	6
8.6	0.635	0.68	1.8	0.9963200000000001	3.02	9.3	0.40299999999999997	1.15	5
6.3	1.02	0.0	2.0	0.9943700000000001	3.59	11.2	0.083	0.55	4
9.8	0.45	0.38	2.5	0.99726	3.15	9.8	0.081	0.58	5
8.2	0.78	0.0	2.2	0.9978	3.37	9.6	0.08900000000000001	0.46	4
8.5	0.37	0.32	1.8	0.99456	3.38	11.8	0.066	0.72	6
7.2	0.57	0.05	2.3	0.99564	3.38	10.3	0.081	0.6	6
7.2	0.57	0.05	2.3	0.99564	3.38	10.3	0.081	0.6	6
10.4	0.43	0.5	2.3	0.996	3.1	11.4	0.068	0.87	6
6.9	0.41	0.31	2.0	0.9966799999999999	3.47	9.5	0.079	0.55	6
5.5	0.49	0.03	1.8	0.9908	3.5	14.0	0.044000000000000004	0.82	8
5.0	0.38	0.01	1.6	0.9908399999999999	3.7	14.0	0.048	0.75	6
7.3	0.44	0.2	1.6	0.9935	3.38	11.7	0.049	0.57	6
5.9	0.46	0.0	1.9	0.99385	3.5	11.2	0.077	0.53	5
7.5	0.58	0.2	2.0	0.9949399999999999	3.1	9.3	0.073	0.43	5
7.8	0.58	0.13	2.1	0.9944	3.24	11.2	0.102	0.53	6
8.0	0.715	0.22	2.3	0.9968799999999999	3.24	9.5	0.075	0.54	6
8.5	0.4	0.4	6.3	0.99566	3.28	12.0	0.05	0.56	4
7.0	0.69	0.0	1.9	0.99636	3.35	9.7	0.114	0.6	6
8.0	0.715	0.22	2.3	0.9968799999999999	3.24	9.5	0.075	0.54	6
9.8	0.3	0.39	1.7	0.9948	3.14	11.5	0.062	0.57	7
7.1	0.46	0.2	1.9	0.9956	3.37	10.4	0.077	0.64	6
7.1	0.46	0.2	1.9	0.9956	3.37	10.4	0.077	0.64	6
7.9	0.765	0.0	2.0	0.9961899999999999	3.33	10.9	0.084	0.68	6
8.7	0.63	0.28	2.7	0.99734	3.26	10.2	0.096	0.63	6
7.0	0.42	0.19	2.3	0.9947600000000001	3.39	10.9	0.071	0.56	5
11.3	0.37	0.5	1.8	0.99734	3.15	10.5	0.09	0.57	5
7.1	0.16	0.44	2.5	0.9932799999999999	3.35	12.4	0.068	0.54	6
8.0	0.6	0.08	2.6	0.9928600000000001	3.22	13.0	0.055999999999999994	0.37	5
7.0	0.6	0.3	4.5	0.9991399999999999	3.3	10.2	0.068	1.17	5
7.0	0.6	0.3	4.5	0.9991399999999999	3.3	10.2	0.068	1.17	5
7.6	0.74	0.0	1.9	0.99521	3.36	11.0	0.1	0.59	5
8.2	0.635	0.1	2.1	0.9963799999999999	3.29	10.9	0.073	0.75	6
5.9	0.395	0.13	2.4	0.9936200000000001	3.62	12.4	0.055999999999999994	0.67	6
7.5	0.755	0.0	1.9	0.99672	3.34	9.7	0.084	0.49	4
8.2	0.635	0.1	2.1	0.9963799999999999	3.29	10.9	0.073	0.75	6
6.6	0.63	0.0	4.3	0.9955799999999999	3.2	9.5	0.09300000000000001	0.45	5
6.6	0.63	0.0	4.3	0.9955799999999999	3.2	9.5	0.09300000000000001	0.45	5
7.2	0.53	0.14	2.1	0.99323	3.35	12.1	0.064	0.61	6
5.7	0.6	0.0	1.4	0.9919100000000001	3.45	12.2	0.063	0.56	6
7.6	1.58	0.0	2.1	0.9947600000000001	3.5	10.9	0.13699999999999998	0.4	3
5.2	0.645	0.0	2.15	0.99444	3.78	12.5	0.08	0.61	6
6.7	0.86	0.07	2.0	0.99598	3.6	11.7	0.1	0.74	6
9.1	0.37	0.32	2.1	0.9957600000000001	3.3	11.2	0.064	0.8	6
8.0	0.28	0.44	1.8	0.9950100000000001	3.36	11.2	0.081	0.66	5
7.6	0.79	0.21	2.3	0.9955	3.12	9.2	0.087	0.44	5
7.5	0.61	0.26	1.9	0.9961200000000001	3.3	9.8	0.073	0.53	5
9.7	0.69	0.32	2.5	0.9979	3.29	10.1	0.08800000000000001	0.62	5
6.8	0.68	0.09	3.9	0.99524	3.41	11.1	0.068	0.52	4
9.7	0.69	0.32	2.5	0.9979	3.29	10.1	0.08800000000000001	0.62	5
7.0	0.62	0.1	1.4	0.996	3.28	9.2	0.071	0.61	5
7.5	0.61	0.26	1.9	0.9961200000000001	3.3	9.8	0.073	0.53	5
6.5	0.51	0.15	3.0	0.9929	3.33	12.8	0.064	0.59	6
8.0	1.18	0.21	1.9	0.9953200000000001	3.34	10.5	0.083	0.47	5
7.0	0.36	0.21	2.3	0.9955799999999999	3.4	10.1	0.086	0.54	6
7.0	0.36	0.21	2.4	0.99556	3.4	10.1	0.086	0.53	6
7.5	0.63	0.27	2.0	0.99616	3.26	9.8	0.083	0.58	6
5.4	0.74	0.0	1.2	0.9925799999999999	4.01	12.5	0.040999999999999995	0.59	6
9.9	0.44	0.46	2.2	0.9963799999999999	3.18	11.9	0.091	0.69	6
7.5	0.63	0.27	2.0	0.99616	3.26	9.8	0.083	0.58	6
9.1	0.76	0.68	1.7	0.9965200000000001	2.9	9.1	0.414	1.33	6
9.7	0.66	0.34	2.6	0.9979600000000001	3.26	10.1	0.094	0.66	5
5.0	0.74	0.0	1.2	0.9925799999999999	4.01	12.5	0.040999999999999995	0.59	6
9.1	0.34	0.42	1.8	0.99392	3.18	11.4	0.057999999999999996	0.55	5
9.1	0.36	0.39	1.8	0.99495	3.18	11.0	0.06	0.82	7
6.7	0.46	0.24	1.7	0.9948	3.39	10.6	0.077	0.6	6
6.7	0.46	0.24	1.7	0.9948	3.39	10.6	0.077	0.6	6
6.7	0.46	0.24	1.7	0.9948	3.39	10.6	0.077	0.6	6
6.7	0.46	0.24	1.7	0.9948	3.39	10.6	0.077	0.6	6
6.5	0.52	0.11	1.8	0.9955	3.34	9.3	0.073	0.52	5
7.4	0.6	0.26	2.1	0.99616	3.29	9.8	0.083	0.56	6
7.4	0.6	0.26	2.1	0.99616	3.29	9.8	0.083	0.56	6
7.8	0.87	0.26	3.8	0.9966799999999999	3.26	9.2	0.107	0.46	5
8.4	0.39	0.1	1.7	0.9958100000000001	3.09	9.7	0.075	0.43	6
9.1	0.775	0.22	2.2	0.9976	3.18	9.6	0.079	0.51	5
7.2	0.835	0.0	2.0	0.99608	3.39	10.0	0.166	0.52	5
6.6	0.58	0.02	2.4	0.99387	3.38	12.6	0.069	0.66	6
6.0	0.5	0.0	1.4	0.9944799999999999	3.36	9.5	0.057	0.45	5
6.0	0.5	0.0	1.4	0.9944799999999999	3.36	9.5	0.057	0.45	5
6.0	0.5	0.0	1.4	0.9944799999999999	3.36	9.5	0.057	0.45	5
7.5	0.51	0.02	1.7	0.9953799999999999	3.36	10.5	0.084	0.54	6
7.5	0.51	0.02	1.7	0.9953799999999999	3.36	10.5	0.084	0.54	6
7.5	0.51	0.02	1.7	0.9953799999999999	3.36	10.5	0.084	0.54	6
7.6	0.54	0.02	1.7	0.9958899999999999	3.37	10.4	0.085	0.51	6
7.5	0.51	0.02	1.7	0.9953799999999999	3.36	10.5	0.084	0.54	6
11.5	0.42	0.48	2.6	0.9985200000000001	3.09	11.0	0.077	0.53	5
8.2	0.44	0.24	2.3	0.99613	3.25	10.2	0.063	0.53	6
6.1	0.59	0.01	2.1	0.99472	3.52	11.4	0.055999999999999994	0.56	5
7.2	0.655	0.03	1.8	0.99587	3.34	9.5	0.078	0.39	5
7.2	0.655	0.03	1.8	0.99587	3.34	9.5	0.078	0.39	5
6.9	0.57	0.0	2.8	0.99518	3.41	10.8	0.081	0.52	5
9.0	0.6	0.29	2.0	0.99654	3.34	10.0	0.069	0.57	5
7.2	0.62	0.01	2.3	0.9933200000000001	3.32	11.8	0.065	0.51	6
7.6	0.645	0.03	1.9	0.9969	3.37	10.3	0.086	0.46	5
7.6	0.645	0.03	1.9	0.9969	3.37	10.3	0.086	0.46	5
7.2	0.58	0.03	2.3	0.9956799999999999	3.35	10.0	0.077	0.52	5
6.1	0.32	0.25	1.8	0.99464	3.36	10.1	0.086	0.44	5
6.1	0.34	0.25	1.8	0.99464	3.36	10.1	0.084	0.44	5
7.3	0.43	0.24	2.5	0.9964799999999999	3.6	11.1	0.078	0.59	6
7.4	0.64	0.17	5.4	0.99736	3.28	9.5	0.168	0.5	5
11.6	0.475	0.4	1.4	0.9970399999999999	3.07	100.333.333.333.333	0.091	0.65	6
9.2	0.54	0.31	2.3	0.9969899999999999	3.24	10.9	0.11199999999999999	0.56	5
8.3	0.85	0.14	2.5	0.99724	3.36	10.1	0.09300000000000001	0.54	5
11.6	0.475	0.4	1.4	0.9970399999999999	3.07	100.333.333.333.333	0.091	0.65	6
8.0	0.83	0.27	2.0	0.9965200000000001	3.29	9.8	0.08	0.48	4
7.2	0.605	0.02	1.9	0.995	3.46	11.8	0.096	0.53	6
7.8	0.5	0.09	2.2	0.9971	3.18	9.5	0.115	0.62	5
7.3	0.74	0.08	1.7	0.9957600000000001	3.24	9.8	0.094	0.5	5
6.9	0.54	0.3	2.2	0.99725	3.25	10.5	0.08800000000000001	1.18	6
8.0	0.77	0.32	2.1	0.99656	3.27	9.8	0.079	0.5	6
6.6	0.61	0.0	1.6	0.9939600000000001	3.33	10.4	0.069	0.37	4
8.7	0.78	0.51	1.7	0.99623	3.0	9.2	0.415	1.17	5
7.5	0.58	0.56	3.1	0.9947600000000001	3.21	11.6	0.153	1.03	6
8.7	0.78	0.51	1.7	0.99623	3.0	9.2	0.415	1.17	5
7.7	0.75	0.27	3.8	0.99664	3.24	9.3	0.11	0.45	5
6.8	0.815	0.0	1.2	0.99471	3.32	9.8	0.267	0.51	3
7.2	0.56	0.26	2.0	0.9958600000000001	3.26	9.9	0.083	0.52	5
8.2	0.885	0.2	1.4	0.9946	3.11	10.0	0.086	0.46	5
5.2	0.49	0.26	2.3	0.9953	3.71	12.2	0.09	0.62	6
7.2	0.45	0.15	2.0	0.9960899999999999	3.29	9.9	0.078	0.51	6
7.5	0.57	0.02	2.6	0.9955700000000001	3.36	10.8	0.077	0.62	6
7.5	0.57	0.02	2.6	0.9955700000000001	3.36	10.8	0.077	0.62	6
6.8	0.83	0.09	1.8	0.99534	3.38	9.6	0.07400000000000001	0.45	5
8.0	0.6	0.22	2.1	0.99613	3.3	9.9	0.08	0.49	5
8.0	0.6	0.22	2.1	0.99613	3.3	9.9	0.08	0.49	5
7.1	0.755	0.15	1.8	0.99593	3.19	9.5	0.107	0.5	5
8.0	0.81	0.25	3.4	0.9966799999999999	3.19	9.2	0.076	0.42	5
7.4	0.64	0.07	1.8	0.9961	3.3	9.6	0.1	0.58	5
7.4	0.64	0.07	1.8	0.9961	3.3	9.6	0.1	0.58	5
6.6	0.64	0.31	6.1	0.99718	3.35	10.3	0.083	0.68	5
6.7	0.48	0.02	2.2	0.99524	3.1	9.7	0.08	0.53	5
6.0	0.49	0.0	2.3	0.99292	3.58	12.5	0.068	0.59	6
8.0	0.64	0.22	2.4	0.9961200000000001	3.37	11.0	0.094	0.58	5
7.1	0.62	0.06	1.3	0.9942	3.17	9.8	0.07	0.48	5
8.0	0.52	0.25	2.0	0.9961200000000001	3.3	10.2	0.078	0.48	5
6.4	0.57	0.14	3.9	0.99669	3.32	9.2	0.07	0.48	5
8.6	0.685	0.1	1.6	0.99745	3.31	9.55	0.092	0.65	6
8.7	0.675	0.1	1.6	0.99745	3.31	9.55	0.09	0.65	5
7.3	0.59	0.26	2.0	0.99584	3.28	9.9	0.08	0.52	5
7.0	0.6	0.12	2.2	0.9966	3.52	10.2	0.083	0.62	7
7.2	0.67	0.0	2.2	0.9956	3.42	11.1	0.068	0.72	6
7.9	0.69	0.21	2.1	0.9962	3.25	9.9	0.08	0.51	5
7.9	0.69	0.21	2.1	0.9962	3.25	9.9	0.08	0.51	5
7.6	0.3	0.42	2.0	0.9963	3.44	11.9	0.052000000000000005	0.82	6
7.2	0.33	0.33	1.7	0.996	3.23	10.0	0.061	1.1	8
8.0	0.5	0.39	2.6	0.9985	3.43	10.7	0.08199999999999999	0.62	6
7.7	0.28	0.3	2.0	0.9952	3.28	11.3	0.062	0.9	7
8.2	0.24	0.34	5.1	0.9974	3.22	10.9	0.062	0.94	6
6.0	0.51	0.0	2.1	0.995	3.54	10.7	0.064	0.93	6
8.1	0.29	0.36	2.2	0.995	3.27	12.4	0.048	1.01	7
6.0	0.51	0.0	2.1	0.995	3.54	10.7	0.064	0.93	6
6.6	0.96	0.0	1.8	0.9936	3.5	11.9	0.08199999999999999	0.44	6
6.4	0.47	0.4	2.4	0.9963	3.56	10.6	0.071	0.73	6
8.2	0.24	0.34	5.1	0.9974	3.22	10.9	0.062	0.94	6
9.9	0.57	0.25	2.0	0.9963	3.04	10.1	0.10400000000000001	0.9	5
10.0	0.32	0.59	2.2	0.9994	3.2	9.6	0.077	0.78	5
6.2	0.58	0.0	1.6	0.9966	3.56	9.4	0.065	0.84	5
10.0	0.32	0.59	2.2	0.9994	3.2	9.6	0.077	0.78	5
7.3	0.34	0.33	2.5	0.9952	3.35	12.1	0.064	0.77	7
7.8	0.53	0.01	1.6	0.995	3.16	9.8	0.077	0.46	5
7.7	0.64	0.21	2.2	0.9956	3.27	9.9	0.077	0.45	5
7.8	0.53	0.01	1.6	0.995	3.16	9.8	0.077	0.46	5
7.5	0.4	0.18	1.6	0.9965	3.34	9.4	0.079	0.58	5
7.0	0.54	0.0	2.1	0.9956	3.39	11.4	0.079	0.84	6
6.4	0.53	0.09	3.9	0.9968	3.5	11.0	0.12300000000000001	0.67	4
8.3	0.26	0.37	1.4	0.9974	3.26	9.6	0.076	0.7	6
8.3	0.26	0.37	1.4	0.9974	3.26	9.6	0.076	0.7	6
7.7	0.23	0.37	1.8	0.9971	3.41	12.1	0.046	0.71	6
7.6	0.41	0.33	2.5	0.9957	3.3	11.2	0.078	0.58	5
7.8	0.64	0.0	1.9	0.9962	3.31	11.0	0.07200000000000001	0.63	5
7.9	0.18	0.4	2.2	0.996	3.33	11.3	0.049	0.93	5
7.4	0.41	0.24	1.8	0.9956	3.37	10.4	0.066	0.62	5
7.6	0.43	0.31	2.1	0.9958	3.26	9.9	0.069	0.54	6
5.9	0.44	0.0	1.6	0.9944	3.48	11.7	0.042	0.85	6
6.1	0.4	0.16	1.8	0.9955	3.42	10.1	0.069	0.74	7
10.2	0.54	0.37	15.4	100.369	3.18	9.0	0.214	0.77	6
10.2	0.54	0.37	15.4	100.369	3.18	9.0	0.214	0.77	6
10.0	0.38	0.38	1.6	0.9991399999999999	3.15	8.5	0.16899999999999998	0.65	5
6.8	0.915	0.29	4.8	0.99577	3.53	11.1	0.07	0.54	5
7.0	0.59	0.0	1.7	0.996	3.41	10.3	0.052000000000000005	0.47	5
7.3	0.67	0.02	2.2	0.99566	3.32	11.066.666.666.666.600	0.07200000000000001	0.68	6
7.2	0.37	0.32	2.0	0.9947	3.23	11.3	0.062	0.73	7
7.4	0.785	0.19	5.2	0.99713	3.16	956.666.666.666.667	0.094	0.52	6
6.9	0.63	0.02	1.9	0.9971200000000001	3.4	9.8	0.078	0.75	5
6.9	0.58	0.2	1.75	0.9932200000000001	3.38	11.7	0.057999999999999996	0.49	5
7.3	0.67	0.02	2.2	0.99566	3.32	11.1	0.07200000000000001	0.68	6
7.4	0.785	0.19	5.2	0.99713	3.16	9.6	0.094	0.52	6
6.9	0.63	0.02	1.9	0.9971200000000001	3.4	9.8	0.078	0.75	5
6.8	0.67	0.0	1.9	0.9970100000000001	3.4	9.7	0.08	0.74	5
6.9	0.58	0.01	1.9	0.9968299999999999	3.4	9.7	0.08	0.73	5
7.2	0.38	0.31	2.0	0.99472	3.23	11.3	0.055999999999999994	0.76	8
7.2	0.37	0.32	2.0	0.9947	3.23	11.3	0.062	0.73	7
7.8	0.32	0.44	2.7	0.9973200000000001	3.33	11.0	0.10400000000000001	0.78	7
6.6	0.58	0.02	2.0	0.99374	3.35	11.6	0.062	0.76	7
7.6	0.49	0.33	1.9	0.9970600000000001	3.41	9.0	0.07400000000000001	0.58	5
11.7	0.45	0.63	2.2	0.99974	3.21	10.9	0.073	0.69	6
6.5	0.9	0.0	1.6	0.99467	3.5	10.9	0.052000000000000005	0.63	6
6.0	0.54	0.06	1.8	0.99236	3.3	10.55	0.05	0.5	6
7.6	0.49	0.33	1.9	0.9970600000000001	3.41	9.0	0.07400000000000001	0.58	5
8.4	0.29	0.4	1.7	0.99603	3.39	10.5	0.067	0.6	5
7.9	0.2	0.35	1.7	0.9945799999999999	3.32	11.9	0.054000000000000006	0.8	7
6.4	0.42	0.09	2.3	0.99724	3.41	10.4	0.054000000000000006	0.68	6
6.2	0.785	0.0	2.1	0.99664	3.59	10.0	0.06	0.61	4
6.8	0.64	0.03	2.3	0.99545	3.36	10.4	0.075	0.58	6
6.9	0.63	0.01	2.4	0.9952200000000001	3.34	10.8	0.076	0.53	6
6.8	0.59	0.1	1.7	0.9958	3.41	9.7	0.063	0.67	5
6.8	0.59	0.1	1.7	0.9958	3.41	9.7	0.063	0.67	5
7.3	0.48	0.32	2.1	0.9972799999999999	3.3	10.0	0.062	0.65	7
6.7	1.04	0.08	2.3	0.9964799999999999	3.52	11.0	0.067	0.57	4
7.3	0.48	0.32	2.1	0.9972799999999999	3.3	10.0	0.062	0.65	7
7.3	0.98	0.05	2.1	0.99705	3.31	9.7	0.061	0.55	3
10.0	0.69	0.11	1.4	0.9957799999999999	2.88	9.7	0.084	0.47	5
6.7	0.7	0.08	3.75	0.99334	3.43	12.6	0.067	0.52	5
7.6	0.35	0.6	2.6	0.99656	3.38	11.1	0.073	0.79	6
6.1	0.6	0.08	1.8	0.99336	3.38	11.0	0.071	0.54	5
9.9	0.5	0.5	13.8	100.242	3.16	8.8	0.205	0.75	5
5.3	0.47	0.11	2.2	0.99182	3.54	13.566.666.666.666.600	0.048	0.88	7
9.9	0.5	0.5	13.8	100.242	3.16	8.8	0.205	0.75	5
5.3	0.47	0.11	2.2	0.99182	3.54	13.6	0.048	0.88	7
7.1	0.875	0.05	5.7	0.99808	3.4	10.2	0.08199999999999999	0.52	3
8.2	0.28	0.6	3.0	0.99828	3.39	10.6	0.10400000000000001	0.68	5
5.6	0.62	0.03	1.5	0.99498	3.66	10.1	0.08	0.62	4
8.2	0.28	0.6	3.0	0.99828	3.39	10.6	0.10400000000000001	0.68	5
7.2	0.58	0.54	2.1	0.9971899999999999	3.33	10.3	0.114	0.57	4
8.1	0.33	0.44	1.5	0.9954200000000001	3.35	10.7	0.042	0.61	5
6.8	0.91	0.06	2.0	0.99592	3.53	10.9	0.06	0.64	4
7.0	0.655	0.16	2.1	0.9960600000000001	3.37	9.7	0.07400000000000001	0.55	5
6.8	0.68	0.21	2.1	0.99546	3.38	10.3	0.07	0.6	5
6.0	0.64	0.05	1.9	0.9949600000000001	3.52	10.6	0.066	0.78	5
5.6	0.54	0.04	1.7	0.9942	3.72	11.4	0.049	0.58	5
6.2	0.57	0.1	2.1	0.9944799999999999	3.44	10.8	0.048	0.76	6
7.1	0.22	0.49	1.8	0.99344	3.39	12.4	0.039	0.56	6
5.6	0.54	0.04	1.7	0.9942	3.72	11.4	0.049	0.58	5
6.2	0.65	0.06	1.6	0.9934799999999999	3.57	11.95	0.05	0.54	5
7.7	0.54	0.26	1.9	0.99636	3.26	9.7	0.08900000000000001	0.59	5
6.4	0.31	0.09	1.4	0.99459	3.42	10.0	0.066	0.7	7
7.0	0.43	0.02	1.9	0.99492	3.35	10.6	0.08	0.81	6
7.7	0.54	0.26	1.9	0.99636	3.26	9.7	0.08900000000000001	0.59	5
6.9	0.74	0.03	2.3	0.99508	3.45	11.5	0.054000000000000006	0.63	6
6.6	0.895	0.04	2.3	0.99582	3.53	10.8	0.068	0.58	6
6.9	0.74	0.03	2.3	0.99508	3.45	11.5	0.054000000000000006	0.63	6
7.5	0.725	0.04	1.5	0.99508	3.26	9.6	0.076	0.53	5
7.8	0.82	0.29	4.3	0.9964200000000001	3.16	9.4	0.083	0.53	5
7.3	0.585	0.18	2.4	0.9963799999999999	3.31	9.8	0.078	0.54	5
6.2	0.44	0.39	2.5	0.99555	3.51	11.0	0.077	0.69	6
7.5	0.38	0.57	2.3	0.99605	3.36	11.4	0.106	0.55	6
6.7	0.76	0.02	1.8	0.996	3.55	9.95	0.078	0.63	3
6.8	0.81	0.05	2.0	0.9956200000000001	3.51	10.8	0.07	0.66	6
7.5	0.38	0.57	2.3	0.99605	3.36	11.4	0.106	0.55	6
7.1	0.27	0.6	2.1	0.9981399999999999	3.38	10.6	0.07400000000000001	0.72	6
7.9	0.18	0.4	1.8	0.9941	3.28	11.1	0.062	0.7	5
6.4	0.36	0.21	2.2	0.99661	3.47	9.7	0.047	0.77	6
7.1	0.69	0.04	2.1	0.9971200000000001	3.44	9.8	0.068	0.67	5
6.4	0.79	0.04	2.2	0.9958799999999999	3.53	10.4	0.061	0.65	6
6.4	0.56	0.15	1.8	0.9929399999999999	3.33	10.5	0.078	0.6	6
6.9	0.84	0.21	4.1	0.9984200000000001	3.53	923.333.333.333.333	0.07400000000000001	0.72	6
6.9	0.84	0.21	4.1	0.9984200000000001	3.53	9.25	0.07400000000000001	0.72	6
6.1	0.32	0.25	2.3	0.9963299999999999	3.42	10.6	0.071	0.97	5
6.5	0.53	0.06	2.0	0.9948899999999999	3.38	10.3	0.063	0.83	6
7.4	0.47	0.46	2.2	0.9964700000000001	3.32	10.5	0.114	0.63	5
6.6	0.7	0.08	2.6	0.99665	3.44	10.2	0.106	0.58	5
6.5	0.53	0.06	2.0	0.9948899999999999	3.38	10.3	0.063	0.83	6
6.9	0.48	0.2	1.9	0.99585	3.39	9.05	0.08199999999999999	0.43	4
6.1	0.32	0.25	2.3	0.9963299999999999	3.42	10.6	0.071	0.97	5
6.8	0.48	0.25	2.0	0.9953	3.34	10.4	0.076	0.6	5
6.0	0.42	0.19	2.0	0.9952200000000001	3.39	10.0	0.075	0.78	6
6.7	0.48	0.08	2.1	0.9955200000000001	3.33	9.7	0.064	0.64	5
6.8	0.47	0.08	2.2	0.9955299999999999	3.3	9.6	0.064	0.65	6
7.1	0.53	0.07	1.7	0.9951	3.29	10.8	0.071	0.66	6
7.9	0.29	0.49	2.2	0.9971399999999999	3.31	10.1	0.096	0.67	6
7.1	0.69	0.08	2.1	0.99608	3.42	10.2	0.063	0.6	6
6.6	0.44	0.09	2.2	0.99444	3.42	11.3	0.063	0.69	6
6.1	0.705	0.1	2.8	0.99631	3.6	10.2	0.081	0.66	5
7.2	0.53	0.13	2.0	0.9957299999999999	3.21	9.9	0.057999999999999996	0.68	6
8.0	0.39	0.3	1.9	0.9971700000000001	3.39	9.0	0.07400000000000001	0.61	5
6.6	0.56	0.14	2.4	0.99397	3.42	11.7	0.064	0.62	7
7.0	0.55	0.13	2.2	0.9959	3.36	9.7	0.075	0.59	6
6.1	0.53	0.08	1.9	0.9952799999999999	3.6	10.3	0.077	0.68	6
5.4	0.58	0.08	1.9	0.99484	3.5	10.2	0.059000000000000004	0.64	6
6.2	0.64	0.09	2.5	0.9953799999999999	3.57	12.0	0.081	0.63	5
7.2	0.39	0.32	1.8	0.9971399999999999	3.46	9.9	0.065	0.78	5
6.2	0.52	0.08	4.4	0.99646	3.56	11.6	0.071	0.63	6
7.4	0.25	0.29	2.2	0.99666	3.4	10.9	0.054000000000000006	0.76	7
6.7	0.855	0.02	1.9	0.99472	3.3	10.75	0.064	0.56	6
11.1	0.44	0.42	2.2	0.9975799999999999	3.25	10.4	0.064	0.57	6
8.4	0.37	0.43	2.3	0.9955	3.17	11.2	0.063	0.81	7
6.5	0.63	0.33	1.8	0.99531	3.36	10.1	0.059000000000000004	0.64	6
7.0	0.57	0.02	2.0	0.99575	3.36	10.2	0.07200000000000001	0.61	5
6.3	0.6	0.1	1.6	0.99306	3.55	12.1	0.048	0.51	5
11.2	0.4	0.5	2.0	0.9978299999999999	3.1	10.4	0.099	0.58	5
7.4	0.36	0.3	1.8	0.99419	3.24	11.4	0.07400000000000001	0.7	8
7.1	0.68	0.0	2.3	0.9978299999999999	3.45	9.5	0.087	0.53	5
7.1	0.67	0.0	2.3	0.9976799999999999	3.44	9.4	0.083	0.54	5
6.3	0.68	0.01	3.7	0.9958600000000001	3.51	11.3	0.10300000000000001	0.66	6
7.3	0.735	0.0	2.2	0.99765	3.41	9.4	0.08	0.6	5
6.6	0.855	0.02	2.4	0.9962700000000001	3.54	11.0	0.062	0.6	6
7.0	0.56	0.17	1.7	0.9951399999999999	3.44	10.55	0.065	0.68	7
6.6	0.88	0.04	2.2	0.99636	3.53	9.9	0.066	0.56	5
6.6	0.855	0.02	2.4	0.9962700000000001	3.54	11.0	0.062	0.6	6
6.9	0.63	0.33	6.7	0.99787	3.22	9.5	0.235	0.56	5
7.8	0.6	0.26	2.0	0.9962200000000001	3.21	9.9	0.08	0.52	5
7.8	0.6	0.26	2.0	0.9962200000000001	3.21	9.9	0.08	0.52	5
7.8	0.6	0.26	2.0	0.9962200000000001	3.21	9.9	0.08	0.52	5
7.2	0.695	0.13	2.0	0.99546	3.29	10.1	0.076	0.54	5
7.2	0.695	0.13	2.0	0.99546	3.29	10.1	0.076	0.54	5
7.2	0.695	0.13	2.0	0.99546	3.29	10.1	0.076	0.54	5
6.7	0.67	0.02	1.9	0.9948899999999999	3.39	10.9	0.061	0.82	6
6.7	0.16	0.64	2.1	0.9949399999999999	3.34	11.2	0.059000000000000004	0.71	6
7.2	0.695	0.13	2.0	0.99546	3.29	10.1	0.076	0.54	5
7.0	0.56	0.13	1.6	0.99629	3.34	9.2	0.077	0.59	5
6.2	0.51	0.14	1.9	0.9939600000000001	3.48	11.5	0.055999999999999994	0.57	6
6.4	0.36	0.53	2.2	0.9934	3.37	12.4	0.23	0.93	6
6.4	0.38	0.14	2.2	0.9951399999999999	3.44	11.1	0.038	0.65	6
7.3	0.69	0.32	2.2	0.9963200000000001	3.33	9.5	0.069	0.51	5
6.0	0.58	0.2	2.4	0.99467	3.58	12.5	0.075	0.67	6
5.6	0.31	0.78	13.9	0.99677	3.39	10.5	0.07400000000000001	0.48	6
7.5	0.52	0.4	2.2	0.99474	3.26	11.8	0.06	0.64	6
8.0	0.3	0.63	1.6	0.9958799999999999	3.3	10.8	0.081	0.78	6
6.2	0.7	0.15	5.1	0.9962200000000001	3.54	11.9	0.076	0.6	6
6.8	0.67	0.15	1.8	0.9954	3.42	11.3	0.11800000000000001	0.67	6
6.2	0.56	0.09	1.7	0.9940200000000001	3.54	11.3	0.053	0.6	5
7.4	0.35	0.33	2.4	0.9947	3.36	11.9	0.068	0.6	6
6.2	0.56	0.09	1.7	0.9940200000000001	3.54	11.3	0.053	0.6	5
6.1	0.715	0.1	2.6	0.9936200000000001	3.57	11.9	0.053	0.5	5
6.2	0.46	0.29	2.1	0.9957799999999999	3.33	9.8	0.07400000000000001	0.62	5
6.7	0.32	0.44	2.4	0.99484	3.29	11.6	0.061	0.8	7
7.2	0.39	0.44	2.6	0.9949399999999999	3.3	11.5	0.066	0.84	6
7.5	0.31	0.41	2.4	0.99492	3.34	11.4	0.065	0.85	6
5.8	0.61	0.11	1.8	0.9948299999999999	3.55	10.9	0.066	0.66	6
7.2	0.66	0.33	2.5	0.9941399999999999	3.27	12.8	0.068	0.78	6
6.6	0.725	0.2	7.8	0.9977	3.29	9.2	0.073	0.54	5
6.3	0.55	0.15	1.8	0.9931399999999999	3.32	11.6	0.077	0.82	6
5.4	0.74	0.09	1.7	0.9940200000000001	3.67	11.6	0.08900000000000001	0.56	6
6.3	0.51	0.13	2.3	0.99574	3.42	11.0	0.076	0.75	6
6.8	0.62	0.08	1.9	0.99651	3.42	9.5	0.068	0.82	6
6.2	0.6	0.08	2.0	0.9949	3.45	10.5	0.09	0.58	5
5.9	0.55	0.1	2.2	0.9951200000000001	3.52	11.2	0.062	0.76	6
6.3	0.51	0.13	2.3	0.99574	3.42	11.0	0.076	0.75	6
5.9	0.645	0.12	2.0	0.9954700000000001	3.57	10.2	0.075	0.71	5
6.0	0.31	0.47	3.6	0.99549	3.39	11.0	0.067	0.66	6
